2 0.8736065618240147 0.05777035228314068 -2.0710254473127252e-6
2 0.9250988430061324 0.0026063761348754546 -4.193905245196468e-6
2 0.9280078763731633 0.00045670668885617677 -2.9144915485767846e-5
2 0.9285936740371937 0.0002517554534952856 -7.360494512851375e-5
2 0.9288138142545572 0.0002147255768880999 -0.000119623480061518
2 0.9289100353327512 0.000215257152410284 -0.00015901449433290476
2 0.9289546373929208 0.0002258507748239169 -0.00019035833398289633
2 0.9289759208913821 0.0002379616464315989 -0.0002145268584129706
2 0.9289861663916604 0.0002488713756231672 -0.00023288781196925155
2 0.9289910429285339 0.0002578937852804888 -0.00024673214806909816
2 0.9289932765866533 0.00026505942460916906 -0.00025712904714642927
2 0.9289942127031877 0.0002706264126017239 -0.0002649195074327043
2 0.9289945244566065 0.00027489521569663546 -0.00027074940021647984
2 0.928994549575432 0.00027814170408113067 -0.00027510875915472377
2 0.9289944558593147 0.00028059736699249574 -0.00027836696354660036
2 0.9289943245157223 0.0002824480274613896 -0.00028080142777465767
2 0.9289941927750058 0.0002838391805433467 -0.0002826200544929395
2 0.9289940758580498 0.0002848830300840394 -0.0002839784530839207
2 0.9289939783080156 0.00028566526622468026 -0.00028499300069028516
2 0.9289938997915146 0.0002862509052635766 -0.0002857506897329997
2 0.9289938380142574 0.0002866890569596843 -0.0002863165260501949
2 0.9289937901358544 0.00028701669963897595 -0.0002867390752395244
2 0.928993753412327 0.00028726161463354965 -0.0002870546149924075
4 0.9293678555243439 4.928186238618288e-5 1.554312234475218e-15
4 0.9294516845003018 2.712417373353017e-5 -4.902607284858506e-8
4 0.9295003882824678 1.8962550116023436e-5 -2.839291321011835e-7
4 0.9295343157488686 1.4471895768265147e-5 -6.470695869845146e-7
4 0.9295593805224058 1.161865819335064e-5 -1.0622684111143275e-6
4 0.9295784176106184 9.719848234393137e-6 -1.4926129542941518e-6
4 0.9295931462181272 8.44179142670347e-6 -1.9224635852900395e-6
4 0.9296047112593187 7.586925246903912e-6 -2.3453129024405666e-6
4 0.9296139081780767 7.027772148957406e-6 -2.758276362286093e-6
4 0.9296213038012965 6.678487213378491e-6 -3.15986614921464e-6
4 0.9296273098612106 6.479729777565772e-6 -3.5491644901724453e-6
4 0.9296322303712048 6.3896868694124505e-6 -3.925539678068733e-6
4 0.9296362931303345 6.378434890399377e-6 -4.288554344503426e-6
4 0.929639671132587 6.424275885718883e-6 -4.637933943032518e-6
4 0.9296424973751812 6.511299360843487e-6 -4.9735493684284575e-6
4 0.9296448752638358 6.627727907709317e-6 -5.2954007494972086e-6
4 0.9296468860313482 6.764775214549634e-6 -5.603599723152908e-6
4 0.9296485940995275 6.915846140338672e-6 -5.898351121123215e-6
4 0.9296500510042112 7.075967865121293e-6 -6.17993507526894e-6
4 0.9296512983034025 7.24138046387541e-6 -6.448690544395445e-6
4 0.9296523697560303 7.409238621758909e-6 -6.705000736521361e-6
4 0.9296532929717145 7.577391779453018e-6 -6.9492805166526505e-6
4 0.9296540906720561 7.744220640885368e-6 -7.181965824272651e-6
4 0.9296547816641405 7.908514393741914e-6 -7.403505079904481e-6
4 0.9296553815979914 8.069377619654288e-6 -7.614352041401184e-6
4 0.9296559035610351 8.226159443395475e-6 -7.814960234979888e-6
4 0.9296563585479 8.378398985638853e-6 -8.005778601621704e-6
4 0.9296567558344432 8.525783207980977e-6 -8.187248061408865e-6
4 0.9296571032774797 8.668114202375091e-6 -8.359798961938996e-6
4 0.9296574075564081 8.805283606616352e-6 -8.523849250611454e-6
4 0.9296576743692173 8.937252554712167e-6 -8.679803109327108e-6
4 0.9296579085922522 9.064035854077399e-6 -8.828050136423922e-6
4 0.9296581144112076 9.185689588197172e-6 -8.968964728457059e-6
4 0.9296582954290056 9.302301165323088e-6 -9.102905945266097e-6
4 0.9296584547550606 9.413981558072727e-6 -9.230217385925453e-6
4 0.9296585950794446 9.520859085343515e-6 -9.351227384000696e-6
4 0.9296587187347519 9.62307443722572e-6 -9.466249200476163e-6
4 0.9296588277479737 9.720776818791339e-6 -9.575581500460889e-6
4 0.9296589238840387 9.814120826403715e-6 -9.679508626502317e-6
4 0.9296590086826181 9.90326394463774e-6 -9.778301189651189e-6
4 0.9296590834891862 9.988364684237767e-6 -9.872216529077001e-6
4 0.9296591494815294 1.006958102449648e-5 -9.961499260171111e-6
4 0.9296592076921226 1.014706923443852e-5 -1.0046381768139244e-5
4 0.9296592590274804 1.0220982944468142e-5 -1.0127084784641186e-5
4 0.929659304284485 1.0291472517551987e-5 -1.0203817880942472e-5
8 0.9296727533951614 1.8241698174029576e-6 4.6629367034256464e-15
8 0.9296758789490621 1.035332046376718e-6 -1.7356678331878247e-9
8 0.9296777535341378 7.509922872480471e-7 -1.0022590585511918e-8
8 0.9296791219680592 6.085534349940869e-7 -2.2753782450609596e-8
8 0.929680211678763 5.251358912219897e-7 -3.7241320610238897e-8
8 0.9296811221514105 4.717756966891339e-7 -5.220135160491065e-8
8 0.9296819062411807 4.3582712622862347e-7 -6.707081037886794e-8
8 0.9296825957101659 4.1081679679482204e-7 -8.160596165394878e-8
8 0.9296832111932386 3.930530612356719e-7 -9.570915351964765e-8
8 0.9296837668232032 3.8028081980263685e-7 -1.0935133819031768e-7
8 0.9296842726787987 3.7105926552726326e-7 -1.225352539014949e-7
8 0.9296847362004774 3.6443778992975913e-7 -1.352777897940784e-7
8 0.9296851630557817 3.597725452076626e-7 -1.4760142387395856e-7
8 0.9296855576880163 3.5661699784878793e-7 -1.5953014849312676e-7
8 0.9296859236732367 3.546542090603274e-7 -1.7108778092300566e-7
8 0.9296862639573745 3.536541178493964e-7 -1.8229715810944092e-7
8 0.9296865810166889 3.534458274270753e-7 -1.9317994016304893e-7
8 0.9296868769686636 3.538994133242571e-7 -2.0375634246220728e-7
8 0.9296871536498762 3.5491394209207566e-7 -2.1404524967284106e-7
8 0.9296874126719163 3.564092836326284e-7 -2.240642991260641e-7
8 0.9296876554624623 3.583204903641812e-7 -2.338297296056542e-7
8 0.9296878832959721 3.60594004922911e-7 -2.4335670420087464e-7
8 0.9296880973171586 3.6318490281410586e-7 -2.52659106358363e-7
8 0.9296882985594154 3.660549410849479e-7 -2.617496222606081e-7
8 0.9296884879594947 3.691711729887629e-7 -2.7064006434494343e-7
8 0.9296886663694274 3.725048595227844e-7 -2.793412034377149e-7
8 0.9296888345664367 3.760307788696933e-7 -2.878627020297903e-7
8 0.9296889932611382 3.7972659135028237e-7 -2.9621364096645247e-7
8 0.9296891431046781 3.835723229478937e-7 -3.0440222923497116e-7
8 0.9296892846948088 3.8755015902904867e-7 -3.124359103239524e-7
8 0.9296894185811048 3.9164401291093367e-7 -3.203214117392577e-7
8 0.9296895452696193 3.958393799781378e-7 -3.2806511826106844e-7
8 0.9296896652269252 4.001230874384671e-7 -3.3567265372270977e-7
8 0.9296897788838016 4.044832772255014e-7 -3.43149045767766e-7
8 0.929689886638387 4.089090400692166e-7 -3.504992670839659e-7
8 0.9296899888590545 4.133904914351954e-7 -3.577273945199545e-7
8 0.9296900858870024 4.1791867071640233e-7 -3.6483775350356625e-7
8 0.9296901780386205 4.224852952078489e-7 -3.7183380559794465e-7
8 0.9296902656075106 4.2708289044670976e-7 -3.7871892454769553e-7
8 0.9296903488663953 4.317045721645986e-7 -3.8549618844504984e-7
8 0.9296904280688668 4.363440871437462e-7 -3.921688585692285e-7
8 0.9296905034508962 4.4099569220273065e-7 -3.987394752204534e-7
8 0.9296905752322722 4.4565412111183513e-7 -4.052101567031021e-7
8 0.9296906436178952 4.5031455861383035e-7 -4.1158368179358675e-7
8 0.9296907087988554 4.549726954910009e-7 -4.178623196758379e-7
8 0.929690770953672 4.596244348002567e-7 -4.2404768572325407e-7
8 0.9296908302489907 4.642661847498251e-7 -4.301423731941609e-7
8 0.9296908868407936 4.6889461422824427e-7 -4.36147754212135e-7
8 0.9296909408749781 4.7350661816541407e-7 -4.4206570138957084e-7
8 0.9296909924881477 4.780994463184e-7 -4.478978870546072e-7
8 0.9296910418083948 4.826705755958385e-7 -4.536460381584417e-7
8 0.9296910889557484 4.872177207160666e-7 -4.5931161086881325e-7
8 0.9296911340429296 4.91738818886046e-7 -4.648959803071958e-7
8 0.9296911771757246 4.96231910119375e-7 -4.704007126645865e-7
8 0.92969121845362 5.006953159821029e-7 -4.758270879164044e-7
8 0.9296912579700761 5.051275361199895e-7 -4.811763830405113e-7
8 0.929691295813044 5.095271812010644e-7 -4.864499908111321e-7
8 0.9296913320653648 5.13892947602552e-7 -4.916487425624789e-7
8 0.9296913668050377 5.182238310176684e-7 -4.9677446616548e-7
8 0.9296914001056144 5.225186750391685e-7 -5.018279011389403e-7
8 0.9296914320364217 5.267767400373274e-7 -5.06810305587133e-7
8 0.9296914626629457 5.309971629256938e-7 -5.117227250065538e-7
8 0.9296914920469199 5.351793477373436e-7 -5.165663202459652e-7
8 0.9296915202467518 5.393226245645449e-7 -5.213420757396366e-7
8 0.9296915473176149 5.434265057980939e-7 -5.260510184434339e-7
8 0.9296915733116823 5.47490530030039e-7 -5.306943120928053e-7
8 0.9296915982783182 5.515144114896174e-7 -5.352727728122186e-7
8 0.9296916222642366 5.554977687048943e-7 -5.397873972485304e-7
8 0.9296916453137335 5.594403676414713e-7 -5.442391621756248e-7
8 0.9296916674687742 5.633420608622958e-7 -5.486289370087898e-7
8 0.9296916887690326 5.672026527466607e-7 -5.529577635810716e-7
8 0.929691709252321 5.710221270857951e-7 -5.572264917678775e-7
8 0.9296917289543635 5.748003386630821e-7 -5.614359967577395e-7
8 0.9296917479091561 5.785373341083292e-7 -5.655871112176492e-7
8 0.9296917661489638 5.822331602733831e-7 -5.696807995981704e-7
8 0.9296917837043932 5.858878065005652e-7 -5.737177204832737e-7
8 0.9296918006046527 5.895014362150601e-7 -5.77698964778046e-7
8 0.9296918168773989 5.930741522239036e-7 -5.81625129782157e-7
8 0.9296918325490193 5.966060575561692e-7 -5.854970329526494e-7
8 0.9296918476445574 6.000973385076013e-7 -5.893155818967505e-7
8 0.9296918621879425 6.035482291134975e-7 -5.930814620659511e-7
8 0.9296918762018759 6.069588812526937e-7 -5.967955041290189e-7
8 0.9296918897080434 6.103295527192306e-7 -6.004583358058513e-7
8 0.9296919027271011 6.136604817672273e-7 -6.04070889794812e-7
8 0.9296919152787548 6.169519295213751e-7 -6.076338146880412e-7
8 0.9296919273817579 6.202041526654683e-7 -6.111477108939871e-7
8 0.929691939054032 6.23417470943921e-7 -6.146133748866202e-7
8 0.9296919503126785 6.265921687960691e-7 -6.180316973979224e-7
16 0.9296927711534926 1.1341452422440356e-7 -7.32747196252606e-15
16 0.9296929669089793 6.583356554136621e-8 -9.118261701287981e-12
16 0.9296930882252061 4.849192218991228e-8 -2.0813351042864408e-11
16 0.9296931799875675 3.946090887243067e-8 -4.072930881532054e-11
16 0.929693255682814 3.38918929395519e-8 -6.739986347042523e-11
16 0.9296933211902205 3.008980885815318e-8 -9.837619608305929e-11
16 0.9296933795948736 2.7309960586426037e-8 -1.340575428533315e-10
16 0.9296934327174884 2.51749289354699e-8 -1.7318302349245958e-10
16 0.9296934817221848 2.347345246162016e-8 -2.150217781835796e-10
16 0.9296935273999553 2.207769853655272e-8 -2.593782966523449e-10
16 0.9296935703127619 2.090569162579559e-8 -3.05811265246667e-10
16 0.929693610874547 1.9902451044561136e-8 -3.5414182703750466e-10
16 0.9296936493990922 1.902993411396477e-8 -4.0395009567705007e-10
16 0.9296936861304237 1.826097611992317e-8 -4.5520187629635003e-10
16 0.92969372126264 1.7575637457503613e-8 -5.075939669874474e-10
16 0.9296937549530132 1.6959217219969175e-8 -5.609096522159929e-10
16 0.9296937873315941 1.6400298984272386e-8 -6.153970668282909e-10
16 0.9296938185071923 1.5890236555775905e-8 -6.705047630478315e-10
16 0.9296938485725021 1.5422081714884366e-8 -7.264724380259079e-10
16 0.9296938776070813 1.4990484741070372e-8 -7.83062948124419e-10
16 0.9296939056805974 1.4590628598792309e-8 -8.401048749083243e-10
16 0.9296939328538358 1.4219097575979267e-8 -8.977647518315444e-10
16 0.9296939591803879 1.3872662255973593e-8 -9.5584695759706e-10
16 0.9296939847088538 1.3548879482046482e-8 -1.0142870992694514e-9
16 0.9296940094822267 1.3245332742816552e-8 -1.0731268102122494e-9
16 0.9296940335396163 1.2960251898734709e-8 -1.132346772544874e-9
16 0.9296940569163668 1.2692036452324761e-8 -1.1918459559720316e-9
16 0.9296940796446924 1.2439234009857533e-8 -1.2516169219994978e-9
16 0.9296941017545965 1.220045546031325e-8 -1.3118318662186665e-9
16 0.9296941232730497 1.1974769326595455e-8 -1.3720008472081785e-9
16 0.9296941442252022 1.1761082927225027e-8 -1.4324720309090465e-9
16 0.9296941646344351 1.1558729684313376e-8 -1.4931411673791576e-9
16 0.9296941845223933 1.1367044352238592e-8 -1.5540905241448002e-9
16 0.9296942039095419 1.1184795249597066e-8 -1.6152159622861476e-9
16 0.929694222814211 1.1011477891057122e-8 -1.676464080075658e-9
16 0.9296942412545883 1.0847410022449608e-8 -1.7378841714157332e-9
16 0.9296942592472224 1.0691118155796544e-8 -1.7994227235565213e-9
16 0.9296942768077523 1.054246995251844e-8 -1.8610575320375106e-9
16 0.9296942939510345 1.040102554226092e-8 -1.92287286278645e-9
16 0.929694310691033 1.0266426322993772e-8 -1.984778343648989e-9
16 0.9296943270410609 1.0138319687890712e-8 -2.046800842022395e-9
16 0.9296943430137261 1.0016370127559553e-8 -2.1089194857137835e-9
16 0.9296943586210032 9.900332282716537e-9 -2.171139381749096e-9
16 0.9296943738743428 9.789801144008301e-9 -2.2334490948311726e-9
16 0.929694388784586 9.684650146013093e-9 -2.2958228677858e-9
16 0.9296944033621886 9.584620384725745e-9 -2.3583398595148322e-9
16 0.9296944176170174 9.489497587106079e-9 -2.420892600429252e-9
16 0.9296944315587888 9.399013523275262e-9 -2.4835021847665867e-9
16 0.9296944451964483 9.313009431343516e-9 -2.5461524032706464e-9
16 0.9296944585388116 9.231330768268392e-9 -2.6088814476135846e-9
16 0.9296944715943222 9.153808558108148e-9 -2.6717914583139555e-9
16 0.9296944843709952 9.08030357889773e-9 -2.734642627197818e-9
16 0.9296944968766824 9.010551375515938e-9 -2.7975606315119e-9
16 0.9296945091188336 8.944460243542546e-9 -2.860492624640091e-9
16 0.9296945211046799 8.881969120712467e-9 -2.9232809549124364e-9
16 0.929694532841173 8.822907920860504e-9 -2.9865935325025174e-9
16 0.9296945443349984 8.767131204772313e-9 -3.0496328842094133e-9
16 0.929694555592582 8.714542383046143e-9 -3.112807683129709e-9
16 0.9296945666203125 8.665027324756557e-9 -3.1759208646759338e-9
16 0.9296945774241098 8.618413501247469e-9 -3.238905149332565e-9
16 0.9296945880098046 8.574710904526421e-9 -3.302161882724306e-9
16 0.9296945983830912 8.533833603332423e-9 -3.365408846157399e-9
16 0.9296946085493788 8.495605960384817e-9 -3.428806355837147e-9
16 0.9296946185139452 8.459908293642865e-9 -3.4920090213794126e-9
16 0.9296946282819801 8.426791451320938e-9 -3.5553757778892956e-9
16 0.9296946378583552 8.39610422104461e-9 -3.618576556060412e-9
16 0.9296946472478405 8.367725366460825e-9 -3.6819247718537357e-9
16 0.9296946564551497 8.341689304483259e-9 -3.745137762486166e-9
16 0.9296946654847419 8.317815956938999e-9 -3.808615208248066e-9
16 0.9296946743409669 8.296108432452641e-9 -3.8719020287199285e-9
16 0.9296946830281198 8.276419293407877e-9 -3.935319300401704e-9
16 0.9296946915502051 8.258728777835154e-9 -3.998668293371213e-9
16 0.9296946999112896 8.243063975176151e-9 -4.062133526695885e-9
16 0.9296947081152112 8.229270120342607e-9 -4.125324868003281e-9
16 0.9296947161657099 8.217278823596844e-9 -4.188615019164275e-9
16 0.9296947240663958 8.207063217541949e-9 -4.2520216327250535e-9
16 0.9296947318208879 8.198572453963869e-9 -4.3153429811611926e-9
16 0.9296947394325366 8.191759903495994e-9 -4.378823646606073e-9
16 0.9296947469047346 8.186564503872505e-9 -4.4419269472472364e-9
16 0.9296947542406979 8.182944954797247e-9 -4.50527260957975e-9
16 0.9296947614435637 8.180880828166751e-9 -4.568695654461446e-9
16 0.9296947685164096 8.18030351219867e-9 -4.63178363403678e-9
16 0.9296947754622003 8.181143951021435e-9 -4.695120858686294e-9
16 0.9296947822838141 8.183397037609175e-9 -4.758568439508991e-9
16 0.9296947889840578 8.186991051555073e-9 -4.821861588312245e-9
16 0.9296947955657073 8.191906230889442e-9 -4.8850870135146704e-9
16 0.9296948020314096 8.19814190947845e-9 -4.948236832532743e-9
16 0.9296948083837586 8.205571743942908e-9 -5.011543970158181e-9
16 0.9296948146252532 8.214267232644986e-9 -5.074749855447268e-9
16 0.9296948207583368 8.224094482688988e-9 -5.137948635312955e-9
16 0.929694826785426 8.235105230467396e-9 -5.201101229904572e-9
16 0.9296948327087885 8.247243520740193e-9 -5.2642007558393206e-9
16 0.9296948385307136 8.260393224179924e-9 -5.3271688313712345e-9
16 0.9296948442533948 8.274684680968558e-9 -5.390433225433984e-9
16 0.929694849879028 8.289882079737573e-9 -5.453456034969259e-9
16 0.929694855409641 8.306202802153343e-9 -5.516458305382438e-9
16 0.9296948608472179 8.323431242906225e-9 -5.579472233141409e-9
16 0.9296948661938707 8.341553191141575e-9 -5.64244408345148e-9
16 0.9296948714513801 8.360677004625643e-9 -5.705423150215218e-9
16 0.929694876621799 8.380697656261121e-9 -5.768329275329784e-9
16 0.9296948817067507 8.401477034304854e-9 -5.83122374310648e-9
16 0.9296948867081058 8.423176787227817e-9 -5.8939854282126045e-9
16 0.9296948916277437 8.445597518976412e-9 -5.956790634065492e-9
16 0.9296948964671122 8.468991694264252e-9 -6.0196025012605126e-9
16 0.9296949012281138 8.493003153547995e-9 -6.082322997103996e-9
16 0.9296949059121545 8.517700064520726e-9 -6.145010630349682e-9
16 0.9296949105208909 8.543298698625744e-9 -6.207698374621601e-9
16 0.9296949150558159 8.569569683788058e-9 -6.270315730757247e-9
16 0.9296949195184541 8.596557428928219e-9 -6.332817512679219e-9
16 0.9296949239104128 8.624140031559114e-9 -6.395455741015696e-9
16 0.9296949282328094 8.65244117052457e-9 -6.457908451087484e-9
16 0.9296949324872328 8.681300307576559e-9 -6.520376371218709e-9
16 0.929694936674974 8.710762517769437e-9 -6.582766131652387e-9
16 0.9296949407973711 8.74092283619323e-9 -6.645134131718532e-9
16 0.9296949448558025 8.77173552165966e-9 -6.707508682104455e-9
16 0.9296949488511908 8.803139067813647e-9 -6.769675287720349e-9
16 0.9296949527852711 8.834860359793486e-9 -6.831908284677433e-9
16 0.9296949566589255 8.867328831861268e-9 -6.8941552704485965e-9
16 0.9296949604732314 8.900140140794947e-9 -6.956270250705089e-9
16 0.9296949642295403 8.933411304100243e-9 -7.018339600798808e-9
16 0.9296949679290003 8.967593960499475e-9 -7.080324240879001e-9
16 0.9296949715725658 9.001827909200814e-9 -7.142319428081844e-9
16 0.9296949751614076 9.036710450186107e-9 -7.2043480330018136e-9
16 0.9296949786963796 9.072135890224299e-9 -7.266146710735559e-9
16 0.9296949821787599 9.107816015420766e-9 -7.3279140801836016e-9
16 0.9296949856091232 9.144085446992043e-9 -7.389719086196271e-9
16 0.929694988989022 9.180645979036387e-9 -7.451333911007225e-9
16 0.9296949923189645 9.217717435710619e-9 -7.51310683158187e-9
16 0.9296949956001569 9.255233425678422e-9 -7.574640277052105e-9
16 0.9296949988331462 9.293086035262756e-9 -7.636172057191577e-9
16 0.9296950020191979 9.331086526551156e-9 -7.697676969937431e-9
16 0.9296950051591186 9.369660781091864e-9 -7.758979378005807e-9
16 0.9296950082532461 9.408581647256111e-9 -7.82038914464526e-9
16 0.9296950113030179 9.447924620208817e-9 -7.881672900974198e-9
16 0.9296950143092207 9.487512730401487e-9 -7.942912137363249e-9
16 0.9296950172722972 9.527357302108834e-9 -8.004068884184661e-9
16 0.9296950201931645 9.567567581275406e-9 -8.06519476680948e-9
16 0.92969502307263 9.60815866693415e-9 -8.126163663901077e-9
16 0.9296950259114213 9.648966468123563e-9 -8.187172862092516e-9
16 0.9296950287101161 9.690222799408911e-9 -8.248102235251547e-9
16 0.9296950314697718 9.731544189761168e-9 -8.309020395161649e-9
16 0.9296950341907135 9.773190209320944e-9 -8.369980854573054e-9
16 0.9296950368737333 9.815028297460362e-9 -8.43049944522065e-9
16 0.929695039519657 9.85735332941183e-9 -8.490966188456217e-9
16 0.9296950421290552 9.899792048198101e-9 -8.551791977824675e-9
16 0.929695044702241 9.94248300965126e-9 -8.61213704062303e-9
16 0.9296950472402872 9.985446641874721e-9 -8.67257425193687e-9
16 0.9296950497434612 1.0028620106245887e-8 -8.73284415264309e-9
16 0.929695052212759 1.0071999628006483e-8 -8.793165234634828e-9
16 0.9296950546484274 1.0115656483473943e-8 -8.853443462021073e-9
16 0.9296950570511041 1.0159400824512949e-8 -8.913575362015004e-9
16 0.9296950594214133 1.0203146275773055e-8 -8.97364275805424e-9
16 0.929695061759842 1.0247635132360918e-8 -9.033654087833835e-9
16 0.9296950640669853 1.0291968779769556e-8 -9.093600691614106e-9
16 0.9296950663433128 1.0336556668246241e-8 -9.153429611756284e-9
16 0.9296950685893318 1.0381345285041707e-8 -9.213186811493988e-9
16 0.9296950708056828 1.0426270903354976e-8 -9.272941235677679e-9
16 0.9296950729927077 1.0471338408167289e-8 -9.33253989557313e-9
16 0.9296950751509404 1.0516612192413375e-8 -9.392058619413609e-9
16 0.9296950772808594 1.0562071161855966e-8 -9.451530824912458e-9
16 0.9296950793829045 1.0607615618468476e-8 -9.51085137394824e-9
16 0.9296950814575821 1.0653278646896681e-8 -9.570188243266158e-9
16 0.9296950835053155 1.0699115980335802e-8 -9.629406873834337e-9
16 0.929695085526505 1.074511052135142e-8 -9.688596860651709e-9
16 0.9296950875216246 1.0791209423328109e-8 -9.747672494499933e-9
16 0.9296950894910984 1.0837442218197993e-8 -9.806639215471863e-9
16 0.9296950914353169 1.0883815567299128e-8 -9.865549093027849e-9
16 0.9296950933546904 1.093032036680279e-8 -9.924373705458168e-9
16 0.929695095249597 1.0976862469797509e-8 -9.983088294789109e-9
16 0.9296950971204828 1.1023566443305267e-8 -1.0041765247562584e-8
16 0.9296950989676216 1.1070346356064886e-8 -1.0100381249094834e-8
16 0.9296951007915377 1.111761010401107e-8 -1.0158823278680795e-8
16 0.929695102592455 1.1164221040823829e-8 -1.021719369888435e-8
16 0.9296951043708103 1.121132824732086e-8 -1.027556955918419e-8
16 0.9296951061269778 1.125850117901799e-8 -1.0333780551366576e-8
16 0.9296951078612317 1.130576492695528e-8 -1.0391930259240755e-8
16 0.9296951095739299 1.1353064424071325e-8 -1.0449991704386936e-8
16 0.9296951112654533 1.1400497369991172e-8 -1.0507976433124679e-8
16 0.9296951129360767 1.1447989379773001e-8 -1.0565845587647701e-8
16 0.9296951145861695 1.1495553554048348e-8 -1.062364613039042e-8
16 0.9296951162159595 1.1543148592521158e-8 -1.068138516678026e-8
16 0.9296951178258512 1.159082156864713e-8 -1.0739017954828835e-8
16 0.9296951194161134 1.1638568041534203e-8 -1.0796544827603038e-8
16 0.9296951209870282 1.1686417987203683e-8 -1.0853985214005995e-8
16 0.9296951225389071 1.1734178670940742e-8 -1.0911350549334968e-8
16 0.9296951240720147 1.1782099892922988e-8 -1.0968530810486996e-8
16 0.9296951255867114 1.183008040081175e-8 -1.1025752816028478e-8
16 0.9296951270830819 1.1878104651484862e-8 -1.1082869905496247e-8
16 0.9296951285616003 1.1926140892564191e-8 -1.1139817130842617e-8
16 0.9296951300224422 1.1974192010629564e-8 -1.1196728162921224e-8
16 0.9296951314658932 1.2022321288392621e-8 -1.125354593626795e-8
16 0.9296951328922182 1.20705236188275e-8 -1.1310266343057544e-8
16 0.9296951343015802 1.2118685759187052e-8 -1.1366851080595204e-8
16 0.9296951356943675 1.2166781508208221e-8 -1.1423425937151033e-8
16 0.929695137070734 1.2215083092573327e-8 -1.1479804506277057e-8
16 0.9296951384309424 1.2263382900579281e-8 -1.153621782538733e-8
16 0.9296951397752077 1.231166827568376e-8 -1.159239411188228e-8
16 0.9296951411037582 1.2359966085283632e-8 -1.1648642340833219e-8
16 0.9296951424168558 1.2408282546627751e-8 -1.1704607907001945e-8
16 0.9296951437146754 1.2456541054328374e-8 -1.1760609777467135e-8
16 0.9296951449975565 1.2504954327114364e-8 -1.1816499848475562e-8
16 0.9296951462656123 1.2553246141500641e-8 -1.1872224385232173e-8
16 0.9296951475189892 1.2601650310453262e-8 -1.192788352985496e-8
16 0.9296951487580031 1.2650039602415199e-8 -1.1983507702455152e-8
16 0.9296951499827988 1.269841468352026e-8 -1.2038971114762534e-8
16 0.9296951511936483 1.2746772001054812e-8 -1.2094381458411776e-8
16 0.9296951523906148 1.279510422754699e-8 -1.2149621604872343e-8
16 0.9296951535740636 1.284350573195268e-8 -1.2204750729032144e-8
16 0.929695154744117 1.2891876150111739e-8 -1.2259851986596727e-8
16 0.9296951559008881 1.294023502194915e-8 -1.2314859874406823e-8
16 0.9296951570446056 1.298859678036405e-8 -1.2369733536254609e-8
16 0.9296951581754271 1.303687749249687e-8 -1.242471255827175e-8
16 0.9296951592937109 1.3085251019271002e-8 -1.2479349631596064e-8
16 0.9296951603993509 1.3133586576415852e-8 -1.2533858585184713e-8
16 0.9296951614927281 1.3181880167128587e-8 -1.2588463351024567e-8
16 0.9296951625739274 1.3230133567766032e-8 -1.2642839077854527e-8
16 0.9296951636431079 1.3278371203234406e-8 -1.2696984322384604e-8
16 0.9296951647004584 1.332669188338159e-8 -1.2751220605206791e-8
16 0.9296951657461328 1.3374959938955774e-8 -1.2805436570950312e-8
16 0.9296951667802351 1.3423121191074094e-8 -1.2859524194913472e-8
16 0.9296951678030866 1.347127622594124e-8 -1.291336101949506e-8
16 0.9296951688146012 1.3519465455674764e-8 -1.296711779699843e-8
16 0.92969516981516 1.3567548103997047e-8 -1.3020845486661066e-8
16 0.9296951708047716 1.3615753765026471e-8 -1.307443506458052e-8
16 0.9296951717835938 1.3663799553940211e-8 -1.3127927275942309e-8
16 0.9296951727518055 1.371187465273909e-8 -1.3181291700635138e-8
16 0.9296951737095113 1.3759837841056316e-8 -1.323461438094454e-8
16 0.9296951746569377 1.3807839887176567e-8 -1.3287795396796959e-8
16 0.9296951755940801 1.3855701157016942e-8 -1.3341064786406145e-8
16 0.929695176521262 1.3903673671200546e-8 -1.339378716912661e-8
16 0.9296951774383442 1.3951630864304322e-8 -1.3446732706680804e-8
16 0.9296951783457276 1.3999386440907351e-8 -1.3499543574183096e-8
16 0.929695179243337 1.4047252151630593e-8 -1.3552235536800629e-8
16 0.9296951801314561 1.4094938450313296e-8 -1.3604968022561889e-8
16 0.929695181010113 1.4142632742599386e-8 -1.3657632340631285e-8
16 0.9296951818794639 1.4190322149901964e-8 -1.3709811269190435e-8
16 0.9296951827396392 1.4237981137091826e-8 -1.376204060187832e-8
16 0.9296951835907461 1.4285527991755532e-8 -1.3814255390647108e-8
16 0.9296951844328301 1.4333060635562464e-8 -1.3866365929475164e-8
16 0.9296951852661489 1.4380568410371744e-8 -1.3918237881374625e-8
16 0.9296951860907928 1.4427986479159672e-8 -1.397010883407604e-8
16 0.9296951869066601 1.4475391003224646e-8 -1.402157111367905e-8
16 0.9296951877140697 1.4522757557660482e-8 -1.4073452613504706e-8
16 0.9296951885130724 1.4570056832579763e-8 -1.4125025804394762e-8
16 0.9296951893038229 1.461712384884345e-8 -1.4176370733430377e-8
16 0.9296951900863681 1.4664442663683215e-8 -1.4227887302950678e-8
16 0.9296951908608224 1.4711503462693612e-8 -1.427921313615528e-8
16 0.929695191627294 1.4758683277608279e-8 -1.4330208011874131e-8
16 0.929695192385859 1.4805695448846483e-8 -1.4381302252557718e-8
16 0.9296951931366051 1.4852736929969893e-8 -1.4432414367834868e-8
16 0.9296951938797211 1.4899645850463924e-8 -1.448314245696485e-8
16 0.9296951946152161 1.494645618315264e-8 -1.4533891085223662e-8
16 0.9296951953431958 1.499334489758353e-8 -1.4584390579434689e-8
16 0.9296951960637813 1.503998425592464e-8 -1.4634801144782691e-8
16 0.9296951967770589 1.5086782376153705e-8 -1.4685349266768007e-8
16 0.9296951974831139 1.513330138631641e-8 -1.4735499373795684e-8
16 0.9296951981819565 1.5179998254202793e-8 -1.4785822564597974e-8
16 0.9296951988738601 1.5226367384255118e-8 -1.4835802696483099e-8
16 0.9296951995586451 1.5272867298575598e-8 -1.488590961584202e-8
16 0.9296952002366015 1.531925285992413e-8 -1.4935875203810307e-8
16 0.9296952009077998 1.5365554710455744e-8 -1.498555102356732e-8
16 0.929695201572217 1.5411758195226743e-8 -1.5035098723587835e-8
16 0.9296952022300854 1.545794680300731e-8 -1.5084810958665535e-8
16 0.9296952028813771 1.5504073238297325e-8 -1.513431968986221e-8
16 0.9296952035261212 1.5550189237488948e-8 -1.5183760586433505e-8
16 0.929695204164495 1.5596169345382347e-8 -1.5233111999030095e-8
16 0.92969520479656 1.5641963601942217e-8 -1.5282004889512942e-8
16 0.9296952054223397 1.5687848452697377e-8 -1.5330943965276714e-8
16 0.929695206041985 1.5733679568656887e-8 -1.538029648810361e-8
16 0.929695206655504 1.5779338822092797e-8 -1.5428897945045193e-8
16 0.9296952072629602 1.5824989415787163e-8 -1.547755213758363e-8
16 0.9296952078645022 1.5870634902453618e-8 -1.552600082783938e-8
16 0.9296952084601322 1.591612917674444e-8 -1.5574525235308935e-8
16 0.9296952090499527 1.5961601468617656e-8 -1.5623183979768925e-8
16 0.9296952096340709 1.6006931207854722e-8 -1.56716609807193e-8
16 0.9296952102124296 1.605224096307561e-8 -1.57197651687745e-8
16 0.9296952107851836 1.6097455461160472e-8 -1.5767835939118445e-8
16 0.9296952113524136 1.6142622219653996e-8 -1.581584176141673e-8
16 0.9296952119141314 1.6187705933464584e-8 -1.5863595118997517e-8
16 0.9296952124704039 1.6232693279916168e-8 -1.591147148929367e-8
16 0.9296952130213335 1.6277584036964155e-8 -1.5959165894035474e-8
16 0.9296952135670001 1.6322451701371593e-8 -1.6006657794096623e-8
16 0.9296952141073688 1.6367243648567978e-8 -1.6054219527189395e-8
16 0.9296952146426395 1.641193101275515e-8 -1.6101588192497338e-8
16 0.9296952151726399 1.6456608829022473e-8 -1.6148779666209932e-8
16 0.9296952156976744 1.650112632908569e-8 -1.619618752239576e-8
16 0.9296952162177183 1.654560164067269e-8 -1.6243189925128656e-8
16 0.9296952167327345 1.6589957048173038e-8 -1.6290252057863458e-8
16 0.9296952172428944 1.6634376626561173e-8 -1.6337092701103443e-8
16 0.929695217748248 1.6678555730644215e-8 -1.6383629476298803e-8
32 0.929695238241216 2.111361749870659e-9 -8.948397578479162e-14
32 0.929695241891109 1.2526377705028176e-9 -5.466738173255765e-13
32 0.9296952442173639 9.59819112617116e-10 -2.1276314043939134e-12
32 0.9296952460440342 8.096601164017855e-10 -3.3648639430395855e-12
32 0.929695247601661 7.180840364193467e-10 -5.0561776987606704e-12
32 0.9296952489894764 6.562850261082891e-10 -6.847855615911412e-12
32 0.9296952502594155 6.116389615135269e-10 -8.71247518578387e-12
32 0.9296952514422432 5.779909882370167e-10 -1.0860312649244718e-11
32 0.9296952525577072 5.516138655436603e-10 -1.2932099835522368e-11
32 0.929695253619368 5.304672255604612e-10 -1.478472899674004e-11
32 0.9296952546369115 5.131468582069269e-10 -1.6563639349124812e-11
32 0.9296952556174427 4.986517864047539e-10 -1.8663737222542748e-11
32 0.929695256566403 4.864024737354928e-10 -2.0581536475317877e-11
32 0.9296952574880385 4.758773374225054e-10 -2.2430723945173307e-11
32 0.9296952583856825 4.668101459846656e-10 -2.429023648916142e-11
32 0.9296952592618704 4.588314171995871e-10 -2.611610927550597e-11
32 0.9296952601189833 4.518443396195926e-10 -2.807531984711507e-11
32 0.9296952609588397 4.455484868943732e-10 -2.966316081697981e-11
32 0.9296952617827946 4.400666496904114e-10 -3.174749352347508e-11
32 0.9296952625922632 4.3507775150913883e-10 -3.362166101140606e-11
32 0.9296952633882528 4.305553690425881e-10 -3.5381697572405044e-11
32 0.9296952641717933 4.26377155713504e-10 -3.725597608264531e-11
32 0.9296952649435543 4.224858240138444e-10 -3.9134584462685286e-11
32 0.9296952657043288 4.1913428274851636e-10 -4.0722203387962656e-11
32 0.9296952664546386 4.1583958490201425e-10 -4.2681969071112705e-11
32 0.9296952671950541 4.1284597953965533e-10 -4.4385939369381577e-11
32 0.9296952679261555 4.099869332078169e-10 -4.627720429191627e-11
32 0.9296952686482705 4.0732173181599087e-10 -4.7850168273279215e-11
32 0.9296952693617923 4.0485792488074325e-10 -4.9658832602784236e-11
32 0.929695270067132 4.0254422009835846e-10 -5.1105675248548635e-11
32 0.929695270764605 4.0031355999817707e-10 -5.283817827856624e-11
32 0.9296952714544039 3.982001394493444e-10 -5.459055430072871e-11
32 0.929695272136899 3.962423721684981e-10 -5.611955345032711e-11
32 0.9296952728123655 3.943307901654541e-10 -5.7790661147088076e-11
32 0.9296952734808951 3.924494062286644e-10 -5.918732171214821e-11
32 0.9296952741428468 3.908393607989836e-10 -6.08385564167723e-11
32 0.9296952747983173 3.89222654031155e-10 -6.244060824140516e-11
32 0.9296952754474088 3.876481357382432e-10 -6.392841811679933e-11
32 0.9296952760905098 3.8617531387434535e-10 -6.542799635625752e-11
32 0.9296952767276222 3.846953865830904e-10 -6.69370114914279e-11
32 0.9296952773588988 3.8343483936141516e-10 -6.843137168267451e-11
32 0.9296952779843847 3.819979887234952e-10 -6.980349631890358e-11
32 0.9296952786044793 3.807940628760508e-10 -7.135769753118603e-11
32 0.9296952792190328 3.7952752045003997e-10 -7.272704660985735e-11
32 0.9296952798283117 3.7831826553207645e-10 -7.429212800778648e-11
32 0.9296952804323234 3.7722047700574177e-10 -7.558309534091735e-11
32 0.9296952810313096 3.7607739138001826e-10 -7.725398099310591e-11
32 0.92969528162514 3.7503733445094005e-10 -7.848044436850482e-11
32 0.9296952822141568 3.7385849964383446e-10 -7.984890526876612e-11
32 0.9296952827981831 3.7296610237697396e-10 -8.138401064503908e-11
32 0.9296952833774594 3.720470597575316e-10 -8.288547626366546e-11
32 0.9296952839520402 3.7106606669333734e-10 -8.420109054795618e-11
32 0.92969528452215 3.701796646308051e-10 -8.563161291530717e-11
32 0.9296952850876118 3.693869653915159e-10 -8.69799787788308e-11
32 0.9296952856485834 3.684683668612799e-10 -8.822942377085341e-11
32 0.9296952862052823 3.6761682580170587e-10 -8.980516330984415e-11
32 0.9296952867574599 3.6687941566902064e-10 -9.097422815488012e-11
32 0.9296952873055334 3.661528857219722e-10 -9.232703491050986e-11
32 0.9296952878491876 3.6529734785950897e-10 -9.386824651343799e-11
32 0.9296952883887751 3.645812540088871e-10 -9.506484488949202e-11
32 0.92969528892423 3.6389313777847505e-10 -9.640488408034286e-11
32 0.9296952894556443 3.6325142887047497e-10 -9.783385213547669e-11
32 0.9296952899830232 3.6257685736095757e-10 -9.904144171948034e-11
32 0.9296952905064637 3.6193714685440027e-10 -1.0048650800847662e-10
32 0.929695291026015 3.6123237727862304e-10 -1.0185474686416308e-10
32 0.9296952915416868 3.607307785162785e-10 -1.0304301856754113e-10
32 0.929695292053554 3.601661190861577e-10 -1.0437528619722948e-10
32 0.9296952925615602 3.596372088374166e-10 -1.056972287527895e-10
32 0.9296952930659851 3.590725494072952e-10 -1.0694167774122415e-10
32 0.9296952935666897 3.585360896419888e-10 -1.0823486552044667e-10
32 0.929695294063702 3.580733486854908e-10 -1.0972245335130403e-10
32 0.9296952945571297 3.5754910137345037e-10 -1.1101208841685094e-10
32 0.9296952950470081 3.5700864480525594e-10 -1.1221601426488884e-10
32 0.9296952955333369 3.5662273128203396e-10 -1.1382272902630796e-10
32 0.9296952960161938 3.5618152865220514e-10 -1.1480438822479373e-10
32 0.9296952964956099 3.55729001747529e-10 -1.1624501362171377e-10
32 0.9296952969716412 3.5530756108753113e-10 -1.1732781413775715e-10
32 0.929695297444247 3.5491187760169525e-10 -1.1864809135879715e-10
32 0.9296952979135493 3.5455594010012667e-10 -1.1997425276187013e-10
32 0.929695298379497 3.541646975063874e-10 -1.2103995584333623e-10
32 0.9296952988422289 3.538236369933433e-10 -1.2261403004784156e-10
32 0.9296952993016625 3.535141068141873e-10 -1.2376577541372958e-10
32 0.9296952997579206 3.5322833540774975e-10 -1.2495404711713364e-10
32 0.9296953002109771 3.528972669019234e-10 -1.2625966939425684e-10
32 0.9296953006609513 3.5254910096152375e-10 -1.2762002566650272e-10
32 0.9296953011077502 3.5226244137666655e-10 -1.2880541079004697e-10
32 0.9296953015515143 3.519757817918093e-10 -1.3000944766040877e-10
32 0.9296953019921442 3.517734991567938e-10 -1.313763542485059e-10
32 0.9296953024297715 3.5146263671000804e-10 -1.325950460627978e-10
32 0.9296953028644748 3.510858270155826e-10 -1.3371770358544825e-10
32 0.9296953032961341 3.5100922162691036e-10 -1.350813905267786e-10
32 0.929695303724875 3.508293654969842e-10 -1.36347266819628e-10
32 0.9296953041507607 3.5063041353104117e-10 -1.3759182683040328e-10
32 0.9296953045736611 3.5044767082125193e-10 -1.3885381734266912e-10
32 0.9296953049937593 3.5027025718197897e-10 -1.4000867133304523e-10
32 0.9296953054109616 3.500844058477218e-10 -1.4123247017326164e-10
32 0.9296953058253876 3.4994562796969226e-10 -1.425680684720752e-10
32 0.9296953062370726 3.497775402038228e-10 -1.4376499991509497e-10
32 0.9296953066459258 3.4966118883088276e-10 -1.4501366775107116e-10
32 0.9296953070520931 3.495057576074896e-10 -1.463460464031179e-10
32 0.9296953074558288 3.4945268894693105e-10 -1.476444522306079e-10
32 0.9296953078564267 3.493962896172998e-10 -1.4874279586903234e-10
32 0.9296953082545204 3.4911451501374836e-10 -1.501196944643782e-10
32 0.9296953086499987 3.492064414801552e-10 -1.5120327213657562e-10
32 0.929695309042803 3.490974175791751e-10 -1.5261203413273646e-10
32 0.9296953094331123 3.4907343676185155e-10 -1.5380197117071202e-10
32 0.9296953098208686 3.4907898787697276e-10 -1.5507406471252398e-10
32 0.9296953102060309 3.4903724349126144e-10 -1.562594498361008e-10
32 0.9296953105886733 3.490054911127682e-10 -1.5738832460771667e-10
32 0.9296953109688503 3.4906344475463344e-10 -1.5867518411576307e-10
32 0.9296953113464783 3.491418265001446e-10 -1.5981127533704292e-10
32 0.9296953117217635 3.490328025991645e-10 -1.6110579538396355e-10
32 0.9296953120944611 3.4899483297173554e-10 -1.623260415105264e-10
32 0.9296953124648235 3.487565791107341e-10 -1.635016566714935e-10
32 0.92969531283277 3.49080098099997e-10 -1.6480772303787692e-10
32 0.929695313198305 3.4909808371298965e-10 -1.659731241470187e-10
32 0.929695313561546 3.4913738560804763e-10 -1.6723711306076504e-10
32 0.9296953139224636 3.4926594943425434e-10 -1.6845613794200806e-10
32 0.929695314281014 3.4930058839261055e-10 -1.6965318040736128e-10
32 0.9296953146372903 3.493672017740648e-10 -1.7088852556707203e-10
32 0.9296953149913222 3.494924349311987e-10 -1.723760023757201e-10
32 0.929695315343072 3.49583695263791e-10 -1.733337917792298e-10
32 0.9296953156925231 3.497766520254034e-10 -1.7467605141623518e-10
32 0.9296953160398012 3.497502287174266e-10 -1.7585555235780366e-10
32 0.9296953163848792 3.501046119067629e-10 -1.7695633848691368e-10
32 0.9296953167278218 3.5008973491823815e-10 -1.7821122357187035e-10
32 0.9296953170685331 3.502387268480907e-10 -1.7951196086775382e-10
32 0.9296953174072597 3.504136979967103e-10 -1.8061863117889945e-10
32 0.9296953177435788 3.505529199639495e-10 -1.8200341235776549e-10
32 0.9296953180778113 3.507478751270053e-10 -1.832056728713516e-10
32 0.9296953184100949 3.508682233028325e-10 -1.844242536634042e-10
32 0.9296953187400738 3.51334961062221e-10 -1.8564394467848305e-10
32 0.9296953190682465 3.512554690936858e-10 -1.8678070203360843e-10
32 0.9296953193943976 3.515006063374369e-10 -1.8814794168869063e-10
32 0.9296953197182664 3.5180258700002873e-10 -1.8942791781402262e-10
32 0.9296953200403695 3.5185143681309503e-10 -1.9046086931633006e-10
32 0.9296953203604904 3.5214653409293653e-10 -1.9173762579489298e-10
32 0.9296953206784152 3.523725755006706e-10 -1.9290724575156053e-10
32 0.9296953209943598 3.526778868323349e-10 -1.9424539756340026e-10
32 0.9296953213087926 3.5289593463429433e-10 -1.9540846720422417e-10
32 0.9296953216207477 3.531275271571494e-10 -1.9684387455304356e-10
32 0.929695321930988 3.536697600821847e-10 -1.9793355845192825e-10
32 0.9296953222393933 3.5368619138294334e-10 -1.9883594772652258e-10
32 0.929695322545836 3.540225889592857e-10 -2.0025392457385678e-10
32 0.9296953228504551 3.542393044936158e-10 -2.015130285063371e-10
32 0.9296953231531466 3.5458858065703907e-10 -2.0268586810978816e-10
32 0.9296953234540034 3.548210613583131e-10 -2.0379897771450358e-10
32 0.9296953237530938 3.550333360005461e-10 -2.0512025413638013e-10
32 0.9296953240503415 3.554512239468666e-10 -2.0638757371925049e-10
32 0.9296953243455852 3.5579872375345066e-10 -2.075747351997279e-10
32 0.9296953246393699 3.561639871284223e-10 -2.0876234076941664e-10
32 0.9296953249312941 3.564839534040053e-10 -2.1002177776881514e-10
32 0.9296953252213489 3.5684166726241193e-10 -2.1127766205453566e-10
32 0.9296953255097359 3.571922756934634e-10 -2.1233703686485738e-10
32 0.929695325796378 3.5755576271159574e-10 -2.1366108884430736e-10
32 0.9296953260812965 3.5784730727775803e-10 -2.1496104898411956e-10
32 0.9296953263644393 3.582694140715694e-10 -2.1593515866613554e-10
32 0.9296953266460439 3.586539953271617e-10 -2.1724932966066897e-10
32 0.9296953269258481 3.5896818844301784e-10 -2.1852530898314867e-10
32 0.9296953272040153 3.5946801084852454e-10 -2.1977630828757046e-10
32 0.9296953274805289 3.598279451529786e-10 -2.2107993216337268e-10
32 0.9296953277553645 3.602051989366104e-10 -2.2222601539194725e-10
32 0.9296953280286157 3.6062086643688026e-10 -2.2342394603578474e-10
32 0.9296953283002741 3.6107317129694934e-10 -2.2465285190201765e-10
32 0.9296953285702477 3.613476184285375e-10 -2.2593726891949585e-10
32 0.9296953288386629 3.6191627466154487e-10 -2.271177690618472e-10
32 0.92969532910554 3.6234659710573376e-10 -2.2836665894253245e-10
32 0.9296953293707964 3.627715904794062e-10 -2.2963608794917956e-10
32 0.9296953296345414 3.6323122281143413e-10 -2.3081225822173825e-10
32 0.9296953298966729 3.6370351168593804e-10 -2.3213297953213803e-10
32 0.9296953301573163 3.6417113762373996e-10 -2.3319424172162416e-10
32 0.9296953304164092 3.6459413259596803e-10 -2.3444335364692197e-10
32 0.9296953306740793 3.650555412848339e-10 -2.3568891285854175e-10
32 0.9296953309301504 3.6554914644140193e-10 -2.3686874686708967e-10
32 0.9296953311847708 3.660609592555669e-10 -2.3815338592918856e-10
32 0.9296953314379007 3.6653324813006943e-10 -2.3940183172067764e-10
32 0.9296953316895546 3.669986536218216e-10 -2.4058555150981707e-10
32 0.9296953319397876 3.674929249122032e-10 -2.418700795496182e-10
32 0.9296953321885065 3.680835635610866e-10 -2.4314605887212937e-10
32 0.9296953324359157 3.6850078537358703e-10 -2.442214208940433e-10
32 0.9296953326817903 3.6905833937634817e-10 -2.4537150092553406e-10
32 0.9296953329262739 3.695759253502373e-10 -2.4666757528480034e-10
32 0.9296953331694173 3.701592365271596e-10 -2.4783497479548233e-10
32 0.9296953334110744 3.706426276319023e-10 -2.4911672727773054e-10
32 0.9296953336513734 3.7116198996262934e-10 -2.503244278842194e-10
32 0.9296953338903565 3.717219864560423e-10 -2.5161817077513976e-10
32 0.9296953341279813 3.722664398271159e-10 -2.528521836673219e-10
32 0.9296953343642063 3.7281977498238296e-10 -2.5397961514911443e-10
32 0.9296953345990541 3.7340264207009367e-10 -2.5521118555064467e-10
32 0.9296953348326273 3.7396952194625546e-10 -2.564999324379593e-10
32 0.9296953350648216 3.7454350724977186e-10 -2.57739274400667e-10
32 0.929695335295745 3.7511416188421526e-10 -2.589853887238282e-10
32 0.9296953355253753 3.756599475229161e-10 -2.6004820522557775e-10
32 0.9296953357536183 3.762039568047779e-10 -2.6144197921105556e-10
32 0.9296953359807253 3.7678926638313995e-10 -2.626082684987299e-10
32 0.929695336206483 3.7742919893429256e-10 -2.6385227339814983e-10
32 0.9296953364309388 3.780207257615894e-10 -2.6521940203103493e-10
32 0.9296953366542066 3.7866865191851554e-10 -2.6619761953829205e-10
32 0.9296953368761391 3.7922265320759355e-10 -2.6744140239311146e-10
32 0.9296953370969 3.7984126947667987e-10 -2.6876234574816466e-10
32 0.9296953373164146 3.804370151514673e-10 -2.700903945305791e-10
32 0.9296953375346709 3.8108605153141603e-10 -2.7118196580868594e-10
32 0.9296953377517245 3.8170977482641253e-10 -2.7239788206558587e-10
32 0.9296953379675738 3.823270588278683e-10 -2.7366964254064125e-10
32 0.9296953381822296 3.829709881819045e-10 -2.7491131597172257e-10
32 0.9296953383958579 3.8363756608563396e-10 -2.7612601098329965e-10
32 0.9296953386081341 3.8431702257644363e-10 -2.774417362901471e-10
32 0.9296953388192474 3.849922602197609e-10 -2.7861657429513206e-10
32 0.9296953390292791 3.8553227269873056e-10 -2.8003177558501704e-10
32 0.9296953392380021 3.8618375156932924e-10 -2.810880417709418e-10
32 0.9296953394456698 3.8687320006735496e-10 -2.8215652041014194e-10
32 0.9296953396522357 3.8755665336104956e-10 -2.83524093132262e-10
32 0.929695339857565 3.8816616580133235e-10 -2.8484947737943615e-10
32 0.9296953400619179 3.8889247370375995e-10 -2.860097714628031e-10
32 0.9296953402650239 3.8958680718309024e-10 -2.871399785021954e-10
32 0.9296953404670597 3.9022918222488793e-10 -2.884885664105957e-10
32 0.9296953406680118 3.908595668580239e-10 -2.8972890757406553e-10
32 0.9296953408678708 3.916267309677397e-10 -2.9094304747414813e-10
32 0.9296953410666432 3.9230996221682625e-10 -2.921656250692218e-10
32 0.9296953412643456 3.929623292658398e-10 -2.934437138155445e-10
32 0.9296953414608969 3.937290492863444e-10 -2.9461255661621355e-10
32 0.9296953416564903 3.9442582525632457e-10 -2.9582436504794967e-10
32 0.9296953418510215 3.950992865427963e-10 -2.9708702169423016e-10
32 0.9296953420444725 3.958353644078317e-10 -2.983278069469206e-10
32 0.9296953422369942 3.9665315468744656e-10 -2.9952273998868186e-10
32 0.9296953424282828 3.973652517351584e-10 -3.0068292304976334e-10
32 0.9296953426186206 3.9803604848637015e-10 -3.020069750293303e-10
32 0.9296953428079376 3.9876657523628244e-10 -3.032352147618448e-10
32 0.9296953429963367 3.9951819622365366e-10 -3.045311780988836e-10
32 0.9296953431836434 4.002485009289601e-10 -3.0580482595312223e-10
32 0.9296953433699529 4.0101544299406386e-10 -3.0702185243308923e-10
32 0.9296953435553154 4.0173020457703066e-10 -3.0824165447062017e-10
32 0.9296953437396266 4.024889309917544e-10 -3.0947666656359463e-10
32 0.9296953439229803 4.032263411244134e-10 -3.1068736477232374e-10
32 0.9296953441053897 4.039935052341197e-10 -3.1195401822151294e-10
32 0.9296953442868403 4.046571965579723e-10 -3.131394033452757e-10
32 0.9296953444673229 4.05470767990088e-10 -3.144048355491405e-10
32 0.9296953446467848 4.0629832823230773e-10 -3.1555758011597193e-10
32 0.9296953448252919 4.0707459617080997e-10 -3.1681479666945497e-10
32 0.9296953450029793 4.0777092805157114e-10 -3.180973263079091e-10
32 0.9296953451797503 4.086029291858856e-10 -3.193290077318208e-10
32 0.9296953453554512 4.094404814353203e-10 -3.205670174269764e-10
32 0.9296953455303594 4.101550209736762e-10 -3.2174607427950696e-10
32 0.9296953457042425 4.1101033679149625e-10 -3.2302338586975e-10
32 0.9296953458772736 4.1175973733280995e-10 -3.2431479729241195e-10
32 0.9296953460494004 4.1257086627426675e-10 -3.255836711876684e-10
32 0.9296953462206624 4.132796326528948e-10 -3.2683689093827405e-10
32 0.9296953463910561 4.141162967239062e-10 -3.2800295818141965e-10
32 0.9296953465605259 4.148204001658316e-10 -3.293884054943048e-10
32 0.929695346728993 4.1570946676358226e-10 -3.3055547193817587e-10
32 0.9296953468967127 4.164593113941021e-10 -3.3179914377077285e-10
32 0.929695347063541 4.173670297386572e-10 -3.329879705859366e-10
32 0.9296953472294298 4.1811265552168395e-10 -3.342432997602991e-10
32 0.9296953473948363 4.189355528271917e-10 -3.35556360531963e-10
32 0.9296953475589149 4.198144053731164e-10 -3.3664848692165383e-10
32 0.9296953477221556 4.205589209331172e-10 -3.380402625057934e-10
32 0.9296953478848933 4.2139003388900176e-10 -3.3924929538001965e-10
32 0.9296953480466639 4.2238701416469453e-10 -3.4042602076421974e-10
32 0.929695348207635 4.229658844494894e-10 -3.419468042638702e-10
32 0.9296953483676472 4.2392933598985115e-10 -3.43044925857903e-10
32 0.9296953485270298 4.2476044894573285e-10 -3.441369412252995e-10
32 0.9296953486854241 4.255866769203076e-10 -3.4551173039716693e-10
32 0.9296953488430912 4.2630232668167616e-10 -3.466674725662017e-10
32 0.9296953490000297 4.271938357700697e-10 -3.478723976152458e-10
32 0.9296953491561485 4.280893416613494e-10 -3.491759104689125e-10
32 0.9296953493113638 4.2912584587669517e-10 -3.50446893787948e-10
32 0.9296953494658695 4.298377208797791e-10 -3.5161362716493614e-10
32 0.9296953496194635 4.307083577753155e-10 -3.529893045152338e-10
32 0.9296953497724731 4.3156411768232766e-10 -3.539896154607747e-10
32 0.9296953499245804 4.3242609483827425e-10 -3.5539815541261623e-10
32 0.9296953500759069 4.333386981641211e-10 -3.5664082804452156e-10
32 0.9296953502267357 4.342126657287269e-10 -3.579498920133248e-10
32 0.9296953503765139 4.350448889076242e-10 -3.5915181946021495e-10
32 0.9296953505256098 4.360178883659819e-10 -3.604312404742533e-10
32 0.9296953506739826 4.368030380886542e-10 -3.617157685142084e-10
32 0.9296953508215364 4.3761527725311485e-10 -3.629626599936167e-10
32 0.9296953509685697 4.3842796050678447e-10 -3.642280921975446e-10
32 0.9296953511145952 4.393847507089865e-10 -3.6529457243538855e-10
32 0.9296953512601129 4.4035264314142895e-10 -3.666413839870542e-10
32 0.929695351404827 4.4113090948134817e-10 -3.6793856856950266e-10
32 0.9296953515490235 4.421620846261646e-10 -3.69288932834852e-10
32 0.9296953516921143 4.429501209286948e-10 -3.704604401708698e-10
32 0.9296953518346798 4.438174271551474e-10 -3.716488228968695e-10
32 0.9296953519765536 4.447440192910879e-10 -3.72861297462514e-10
32 0.9296953521178083 4.4567971525582543e-10 -3.7418956828967166e-10
32 0.9296953522581826 4.465732227456451e-10 -3.754161426877373e-10
32 0.9296953523978424 4.475002589707927e-10 -3.7675218507607366e-10
32 0.9296953525370366 4.484714820722997e-10 -3.7792136094374756e-10
32 0.929695352675461 4.492806126122833e-10 -3.792168801916731e-10
32 0.9296953528131398 4.5025427820444164e-10 -3.8038527890323237e-10
32 0.9296953529502605 4.509292938031096e-10 -3.8160397071782776e-10
32 0.9296953530867811 4.52087034372666e-10 -3.8290348676864823e-10
32 0.9296953532223722 4.5293124796020895e-10 -3.8420611144394054e-10
32 0.9296953533574458 4.537710206556547e-10 -3.855060715839744e-10
32 0.9296953534918421 4.5484482836458427e-10 -3.866265086608587e-10
32 0.9296953536256767 4.55769644143676e-10 -3.879965238737768e-10
32 0.9296953537586785 4.5677661642655156e-10 -3.8913017260466205e-10
32 0.9296953538911339 4.5763637313642817e-10 -3.9034364637105023e-10
32 0.9296953540229853 4.5854497965936517e-10 -3.916450498010247e-10
32 0.929695354154039 4.595024359953624e-10 -3.9278713622690453e-10
32 0.929695354284603 4.604436830752067e-10 -3.94209553966614e-10
32 0.9296953544145485 4.613627256945678e-10 -3.9544589832732474e-10
32 0.9296953545438191 4.622839887599763e-10 -3.967755014221425e-10
32 0.9296953546723852 4.6331538594937574e-10 -3.980085151137812e-10
32 0.9296953548005352 4.6418957555856017e-10 -3.9919256797001587e-10
32 0.9296953549279278 4.6503934026121344e-10 -4.003274379462414e-10
32 0.9296953550547187 4.660853923945283e-10 -4.0183145707830433e-10
32 0.9296953551809504 4.669968854973202e-10 -4.028446466109849e-10
32 0.9296953553065529 4.680047459586038e-10 -4.041731394827874e-10
32 0.9296953554316336 4.688649467576804e-10 -4.05565359156231e-10
32 0.9296953555560079 4.698592624980681e-10 -4.0663195041642156e-10
32 0.9296953556799448 4.708984312486283e-10 -4.078609673051821e-10
32 0.9296953558030632 4.718372358378089e-10 -4.0929526443128135e-10
32 0.9296953559256254 4.728122336975742e-10 -4.1050052254730845e-10
32 0.9296953560478612 4.736915303326612e-10 -4.1171810413891546e-10
32 0.929695356169196 4.747862102344224e-10 -4.128858367166976e-10
32 0.929695356290111 4.755111858691582e-10 -4.1415892945956174e-10
32 0.9296953564104532 4.766183002687873e-10 -4.1553405169843295e-10
32 0.9296953565301019 4.775850824781696e-10 -4.1666559100560173e-10
32 0.9296953566493987 4.78621808738069e-10 -4.1814673954337237e-10
32 0.9296953567680671 4.795857043675867e-10 -4.19221324409357e-10
32 0.9296953568861025 4.805220664661061e-10 -4.204934179515066e-10
32 0.9296953570036494 4.814992847719111e-10 -4.2181080859308164e-10
32 0.9296953571206378 4.827773735172433e-10 -4.2305603473802725e-10
32 0.9296953572370549 4.834848076281928e-10 -4.242792784670775e-10
32 0.9296953573529535 4.844502575699395e-10 -4.2557557487118066e-10
32 0.9296953574682546 4.854698863952608e-10 -4.267458609619367e-10
32 0.9296953575831202 4.864109114304758e-10 -4.2802028597244864e-10
32 0.9296953576972596 4.874276536759324e-10 -4.2935699449467036e-10
32 0.9296953578111353 4.884188607918342e-10 -4.305040769242062e-10
32 0.9296953579241489 4.894478154905537e-10 -4.317443070655497e-10
32 0.9296953580369949 4.903657478868641e-10 -4.3304670969630063e-10
32 0.9296953581493469 4.914222361165787e-10 -4.343467808587005e-10
32 0.9296953582608086 4.924340933807243e-10 -4.3555536964383314e-10
32 0.9296953583719707 4.933515816878223e-10 -4.367858298225619e-10
32 0.9296953584825578 4.943396801792508e-10 -4.3814796245207037e-10
32 0.9296953585926584 4.953526476664175e-10 -4.394262732431847e-10
32 0.9296953587022656 4.96370722179494e-10 -4.4058223745693303e-10
32 0.9296953588113827 4.974542998509896e-10 -4.4180181745002185e-10
32 0.929695358919937 4.984079814286677e-10 -4.429462353443117e-10
32 0.9296953590280739 4.993747636380291e-10 -4.443805324704613e-10
32 0.9296953591356545 5.004074930950191e-10 -4.454051573003437e-10
32 0.9296953592427435 5.014413327750321e-10 -4.4680126275443263e-10
32 0.9296953593493857 5.024085590736001e-10 -4.4809989062691777e-10
32 0.9296953594555216 5.034888060760171e-10 -4.492987094494459e-10
32 0.9296953595611399 5.044737959429681e-10 -4.5067660724592824e-10
32 0.9296953596663334 5.05548047741053e-10 -4.5199433095445053e-10
32 0.9296953597710298 5.064404450077951e-10 -4.5310621931411586e-10
32 0.9296953598752351 5.075269092591424e-10 -4.543607713325115e-10
32 0.929695359978998 5.084970221375671e-10 -4.554188138754606e-10
32 0.9296953600822014 5.095774911845823e-10 -4.5687764693048345e-10
32 0.9296953601850046 5.106046695264415e-10 -4.582106917167608e-10
32 0.9296953602873572 5.116151945229388e-10 -4.5950288029571497e-10
32 0.9296953603892633 5.126068457280262e-10 -4.60772420324958e-10
32 0.9296953604906637 5.137139601276143e-10 -4.619167271969671e-10
32 0.9296953605916253 5.14732034640672e-10 -4.6292658606063307e-10
32 0.9296953606921295 5.157316794515295e-10 -4.6438541911566695e-10
32 0.929695360792121 5.167848370121451e-10 -4.6559767163681883e-10
32 0.9296953608917874 5.178277805209385e-10 -4.669706844520129e-10
32 0.9296953609909181 5.187437145157795e-10 -4.682455535517862e-10
32 0.9296953610896947 5.198987905499998e-10 -4.693027079163299e-10
32 0.9296953611879794 5.208811158816769e-10 -4.706921520323012e-10
32 0.9296953612857913 5.218838693169955e-10 -4.720880354418204e-10
32 0.9296953613831767 5.229288112272268e-10 -4.732976234277213e-10
32 0.9296953614801446 5.24017940013814e-10 -4.744592497789371e-10
32 0.9296953615765643 5.249511934878244e-10 -4.757048089908558e-10
32 0.9296953616727902 5.261313605623807e-10 -4.77032857773545e-10
32 0.9296953617684349 5.27114574072471e-10 -4.782694241789632e-10
32 0.9296953618636817 5.281757252388478e-10 -4.794795672763841e-10
32 0.9296953619585138 5.291822534324408e-10 -4.808718979722351e-10
32 0.9296953620529379 5.303082416234191e-10 -4.820515099364673e-10
32 0.9296953621469389 5.313209870659446e-10 -4.832508838705487e-10
32 0.9296953622405689 5.323559369689498e-10 -4.845353008883591e-10
32 0.9296953623337213 5.333971041208884e-10 -4.858180525716334e-10
32 0.9296953624264422 5.34465804803822e-10 -4.870108761898708e-10
32 0.9296953625188327 5.35526955970191e-10 -4.882400041010327e-10
32 0.9296953626107797 5.365763387725042e-10 -4.89511875598665e-10
32 0.9296953627023031 5.376319388237508e-10 -4.907471097364685e-10
32 0.929695362793499 5.387403854909401e-10 -4.919590291907447e-10
32 0.9296953628842123 5.397162715290593e-10 -4.932509957251375e-10
32 0.92969536297455 5.408202773041501e-10 -4.945727162366066e-10
32 0.9296953630644844 5.418729907755298e-10 -4.95838814574516e-10
32 0.9296953631540708 5.429372505663582e-10 -4.97119678878662e-10
32 0.9296953632432652 5.439173554519647e-10 -4.983476965668111e-10
32 0.9296953633320286 5.450409011522736e-10 -4.996654202753962e-10
32 0.92969536342042 5.461320283402799e-10 -5.009229698960183e-10
32 0.9296953635084156 5.472104989858112e-10 -5.022624539759004e-10
32 0.9296953635961093 5.482501118255008e-10 -5.033964357738228e-10
32 0.9296953636833397 5.493530073775581e-10 -5.047100516572214e-10
32 0.9296953637701892 5.503411058689313e-10 -5.058423681206087e-10
32 0.9296953638566561 5.51485967851294e-10 -5.070024401596271e-10
32 0.9296953639428006 5.52568435299706e-10 -5.084731526010947e-10
32 0.9296953640286186 5.536389123394574e-10 -5.097443579649377e-10
32 0.9296953641140251 5.546887392309612e-10 -5.110273316928494e-10
32 0.9296953641990563 5.557063696547677e-10 -5.120968095330178e-10
32 0.9296953642836774 5.568265846859913e-10 -5.133355963845298e-10
32 0.9296953643679132 5.578530968939876e-10 -5.146795213565293e-10
32 0.9296953644519046 5.589266825582006e-10 -5.159050965540445e-10
32 0.9296953645354464 5.599527506769852e-10 -5.173949048315588e-10
32 0.9296953646187861 5.611304752608474e-10 -5.182941854819707e-10
32 0.9296953647015624 5.621980657207273e-10 -5.197555720500434e-10
32 0.9296953647841043 5.633169484843149e-10 -5.210583077478165e-10
32 0.9296953648662094 5.643612242606885e-10 -5.221925115903652e-10
32 0.9296953649480753 5.654317013004274e-10 -5.23457832772192e-10
32 0.929695365029439 5.664544387501333e-10 -5.247532409980036e-10
32 0.9296953651105337 5.675571122575657e-10 -5.259644943185059e-10
32 0.9296953651913881 5.68730395949323e-10 -5.272984272832955e-10
32 0.929695365271847 5.698217451819083e-10 -5.284164218696833e-10
32 0.9296953653519251 5.708553628172448e-10 -5.296020290383077e-10
32 0.929695365431682 5.719391625332646e-10 -5.309337415570517e-10
32 0.9296953655110879 5.729596795369158e-10 -5.321827424604189e-10
32 0.9296953655903146 5.740634632673651e-10 -5.335436538447296e-10
32 0.929695365668925 5.751072949545179e-10 -5.34741362444335e-10
32 0.9296953657473538 5.762028630345873e-10 -5.359137579589667e-10
32 0.9296953658252753 5.774272169854377e-10 -5.37382138932124e-10
32 0.929695365903183 5.785154575935463e-10 -5.384852565299849e-10
32 0.9296953659806205 5.795806055627549e-10 -5.397465809089416e-10
32 0.9296953660576998 5.806359835693514e-10 -5.409239724271928e-10
32 0.9296953661345551 5.817308855156004e-10 -5.419796835018804e-10
32 0.9296953662110479 5.827938130387576e-10 -5.436424645267641e-10
32 0.9296953662871865 5.83831427476967e-10 -5.445024432821066e-10
32 0.9296953663630031 5.84992942804651e-10 -5.460065734366889e-10
32 0.929695366438528 5.861056083192788e-10 -5.47215051199654e-10
32 0.929695366513712 5.871836348755575e-10 -5.484694921958652e-10
32 0.9296953665886399 5.883882268565677e-10 -5.497281520395739e-10
32 0.9296953666631669 5.892755170973257e-10 -5.509139812528286e-10
32 0.9296953667375104 5.904916553977827e-10 -5.522582392917862e-10
32 0.929695366811415 5.91655391171507e-10 -5.534379622784051e-10
32 0.9296953668851257 5.926332756110177e-10 -5.547918792576857e-10
32 0.9296953669583773 5.937563772220623e-10 -5.560397699380575e-10
32 0.9296953670314304 5.949025714720041e-10 -5.57183521698663e-10
32 0.9296953671042444 5.95927307323123e-10 -5.586050512601861e-10
32 0.9296953671767976 5.971254600105837e-10 -5.598531639851676e-10
32 0.9296953672488498 5.981446447465806e-10 -5.610633070826873e-10
32 0.9296953673207186 5.993137095908109e-10 -5.623191913688487e-10
32 0.9296953673922613 6.003366690850869e-10 -5.635131252102026e-10
32 0.9296953674634597 6.015625773481413e-10 -5.647099456314237e-10
32 0.9296953675344973 6.025784314150616e-10 -5.659721581888336e-10
32 0.9296953676052354 6.037537135082209e-10 -5.673896909474783e-10
32 0.9296953676755876 6.049301058244029e-10 -5.684571703862616e-10
32 0.9296953677458349 6.059290845013557e-10 -5.697327056199794e-10
32 0.9296953678155421 6.070257628044154e-10 -5.711435770404779e-10
32 0.9296953678851004 6.081157797693301e-10 -5.723362896365146e-10
32 0.929695367954329 6.092182312321119e-10 -5.734985821216606e-10
32 0.9296953680233653 6.103226810963355e-10 -5.748862498809364e-10
32 0.929695368092002 6.115570270543596e-10 -5.760394385372781e-10
32 0.9296953681605705 6.125704386306172e-10 -5.772128332526811e-10
32 0.9296953682285428 6.137452766345552e-10 -5.784227543056166e-10
32 0.9296953682965317 6.14749806426619e-10 -5.797901049835368e-10
32 0.9296953683640791 6.159088792636144e-10 -5.809844829141218e-10
32 0.9296953684316017 6.17044415372501e-10 -5.822469175161573e-10
32 0.9296953684984907 6.181879450871586e-10 -5.834639439964607e-10
32 0.9296953685653093 6.192575339484208e-10 -5.847601293784678e-10
32 0.9296953686317553 6.204556866358535e-10 -5.859476239263019e-10
32 0.9296953686981121 6.213369816722538e-10 -5.872113907959741e-10
32 0.9296953687640278 6.225193691927442e-10 -5.885091304902213e-10
32 0.9296953688297209 6.236848813232695e-10 -5.898820322832816e-10
32 0.9296953688951093 6.247753423773756e-10 -5.910216762187323e-10
32 0.9296953689603888 6.258491500861216e-10 -5.922391467882565e-10
32 0.9296953690253096 6.271800854472084e-10 -5.935502091588137e-10
32 0.9296953690899236 6.282396823012455e-10 -5.947664584830132e-10
32 0.9296953691543659 6.292675267767973e-10 -5.960261175275029e-10
32 0.9296953692185986 6.303229047833412e-10 -5.971775298270285e-10
32 0.929695369282393 6.315048482146114e-10 -5.984592823097246e-10
32 0.929695369346141 6.326437149925521e-10 -5.99795324698359e-10
32 0.9296953694094436 6.338802813965965e-10 -6.008367138960825e-10
32 0.9296953694725657 6.349096801843759e-10 -6.021464439990206e-10
32 0.9296953695354739 6.359315294555917e-10 -6.034825974099624e-10
32 0.9296953695981375 6.371922987215534e-10 -6.048060942784177e-10
32 0.9296953696605901 6.382576687353043e-10 -6.058902270626204e-10
32 0.9296953697226377 6.392926186381988e-10 -6.072636839672172e-10
32 0.9296953697845599 6.40499431065194e-10 -6.083781258400134e-10
32 0.9296953698461956 6.416769336043567e-10 -6.096744222443552e-10
32 0.9296953699076036 6.427081087489663e-10 -6.108247243208713e-10
32 0.9296953699686099 6.438598541139715e-10 -6.121914088650206e-10
32 0.9296953700297554 6.44993613865988e-10 -6.134118770367389e-10
32 0.9296953700904517 6.461291499748417e-10 -6.146460009516701e-10
32 0.9296953701509142 6.471958522562117e-10 -6.159921463698564e-10
32 0.9296953702111445 6.483278356513863e-10 -6.169396106996556e-10
32 0.9296953702711339 6.495712854381595e-10 -6.183739078260547e-10
32 0.9296953703308853 6.506597480907944e-10 -6.194703640858531e-10
32 0.9296953703904038 6.517335557995126e-10 -6.208955573834483e-10
32 0.9296953704496822 6.529157212753623e-10 -6.222603545484684e-10
32 0.929695370508783 6.540521455626259e-10 -6.233541462730103e-10
32 0.92969537056755 6.551004181417908e-10 -6.24664320465188e-10
32 0.9296953706262062 6.562690388967451e-10 -6.258354947345973e-10
32 0.9296953706845578 6.574165654142439e-10 -6.27161656138343e-10
32 0.9296953707425876 6.584539578077711e-10 -6.283960020978961e-10
32 0.9296953708005784 6.59609922020249e-10 -6.294655909604927e-10
32 0.9296953708582694 6.607094869031118e-10 -6.307707691490644e-10
32 0.9296953709157642 6.618723344983352e-10 -6.321093650507001e-10
32 0.9296953709730462 6.630376245842098e-10 -6.333503723484114e-10
32 0.9296953710301326 6.641502900987509e-10 -6.344414995377047e-10
32 0.9296953710868096 6.653082527126651e-10 -6.355164174708293e-10
32 0.9296953711434398 6.663913862947682e-10 -6.36993791250638e-10
32 0.9296953711998416 6.674270023314479e-10 -6.383218400335414e-10
32 0.9296953712559487 6.686720064304308e-10 -6.394180742487567e-10
32 0.9296953713119188 6.698892549538151e-10 -6.408639176946515e-10
32 0.9296953713677241 6.707348008088029e-10 -6.422808953418897e-10
32 0.9296953714231097 6.720868304072836e-10 -6.430114220925626e-10
32 0.9296953714785345 6.731744048814749e-10 -6.444197400002061e-10
32 0.9296953715335096 6.743310352277502e-10 -6.456100101056745e-10
32 0.9296953715883376 6.754004020443474e-10 -6.468967585920466e-10
32 0.9296953716430136 6.765350499747473e-10 -6.482789862586001e-10
32 0.9296953716975094 6.777360892419736e-10 -6.49486908910176e-10
32 0.9296953717517149 6.788649640126467e-10 -6.504450313810503e-10
32 0.9296953718058726 6.799822924638703e-10 -6.519184083579897e-10
32 0.9296953718597258 6.81125822178456e-10 -6.531581944103977e-10
32 0.9296953719132366 6.822307161318097e-10 -6.541898136455537e-10
32 0.9296953719667913 6.833835717197933e-10 -6.554905509420563e-10
32 0.9296953720199282 6.844931286098449e-10 -6.568229295947833e-10
32 0.9296953720729493 6.85734802039735e-10 -6.580432867442535e-10
32 0.9296953721257958 6.865947807940196e-10 -6.592230097309972e-10
32 0.9296953721783863 6.880491729552789e-10 -6.605272997411876e-10
32 0.9296953722306914 6.890437107400533e-10 -6.619510497489083e-10
32 0.929695372283052 6.901792468488568e-10 -6.630676010455135e-10
32 0.9296953723350699 6.913829506513239e-10 -6.642648655560638e-10
32 0.9296953723869934 6.924767423744278e-10 -6.655282993589273e-10
32 0.9296953724385233 6.935085836527993e-10 -6.668029464143486e-10
32 0.9296953724900663 6.947331596481109e-10 -6.67897737339662e-10
32 0.9296953725412161 6.958944529310613e-10 -6.691002198984375e-10
32 0.9296953725922923 6.96987578520346e-10 -6.703612112106512e-10
32 0.9296953726432418 6.98145763178827e-10 -6.715560332305545e-10
32 0.9296953726938215 6.992799670199915e-10 -6.729090620315747e-10
32 0.9296953727443692 7.004556932022467e-10 -6.740394911160093e-10
32 0.92969537279463 7.015601430663696e-10 -6.753371197880668e-10
32 0.9296953728447735 7.026110801807419e-10 -6.765605855620307e-10
32 0.9296953728946036 7.038409852465569e-10 -6.776840202414096e-10
32 0.9296953729443129 7.049314463005755e-10 -6.789792064228158e-10
32 0.9296953729939705 7.060738657921089e-10 -6.803007048899253e-10
32 0.9296953730433697 7.072906702262382e-10 -6.814629973751968e-10
32 0.9296953730925013 7.083120754081704e-10 -6.826126333179802e-10
32 0.9296953731415432 7.094980156422342e-10 -6.838729584963957e-10
32 0.9296953731903693 7.106115693351426e-10 -6.853082548236137e-10
32 0.929695373239027 7.11707581504273e-10 -6.863493109545188e-10
32 0.9296953732874915 7.129246079830002e-10 -6.875157112649912e-10
32 0.9296953733357716 7.140332766945999e-10 -6.88878621050959e-10
32 0.9296953733837852 7.149727474173665e-10 -6.900736651154895e-10
32 0.9296953734317577 7.163287738186732e-10 -6.912401764482688e-10
32 0.9296953734795201 7.174758562468935e-10 -6.923949194169803e-10
32 0.9296953735271701 7.185871894937454e-10 -6.937093124567449e-10
32 0.9296953735744816 7.197726856385875e-10 -6.949718580812253e-10
32 0.9296953736218246 7.208844629746463e-10 -6.960625411813756e-10
32 0.9296953736687392 7.219997930243801e-10 -6.974191226961103e-10
32 0.9296953737156812 7.230660512164597e-10 -6.985556580072124e-10
32 0.9296953737623949 7.24296400371459e-10 -6.998446269397034e-10
32 0.9296953738089069 7.254343789708748e-10 -7.009134386462587e-10
32 0.9296953738552973 7.265714693918704e-10 -7.02377267705254e-10
32 0.929695373901528 7.276432786990642e-10 -7.035099172357727e-10
32 0.9296953739475524 7.289142620167294e-10 -7.048657215943998e-10
32 0.9296953739933831 7.30003612847697e-10 -7.059729470176395e-10
32 0.9296953740390913 7.310680946829299e-10 -7.071765397994861e-10
32 0.9296953740846108 7.323186498969527e-10 -7.085466660351458e-10
32 0.9296953741299424 7.334588489424071e-10 -7.095634082818185e-10
32 0.929695374175153 7.345501981748126e-10 -7.110290136976671e-10
32 0.9296953742202639 7.35696392424593e-10 -7.121067071884377e-10
32 0.9296953742650899 7.369547191997766e-10 -7.130417370204432e-10
32 0.929695374309783 7.379332697729595e-10 -7.144618232922548e-10
32 0.9296953743542518 7.390974496357217e-10 -7.157354711470156e-10
32 0.929695374398648 7.401868004666783e-10 -7.168978746546308e-10
32 0.9296953744429753 7.414060473914183e-10 -7.178092567361994e-10
32 0.9296953744870157 7.42560457291567e-10 -7.192796361110695e-10
32 0.9296953745308209 7.436231627699486e-10 -7.204807864022761e-10
32 0.9296953745746366 7.447105151994573e-10 -7.216962585705122e-10
32 0.9296953746181714 7.459415304882442e-10 -7.230771539695385e-10
32 0.9296953746615892 7.470750681955403e-10 -7.242074720317274e-10
32 0.9296953747048986 7.48158867911369e-10 -7.254226111330603e-10
32 0.9296953747480393 7.493452522345952e-10 -7.268138316062283e-10
32 0.9296953747909462 7.504228347014883e-10 -7.279039595949006e-10
32 0.9296953748337867 7.516458563844968e-10 -7.290433814859035e-10
32 0.9296953748764416 7.527980458385861e-10 -7.304068463834405e-10
32 0.9296953749188888 7.538702992349613e-10 -7.315938968422376e-10
32 0.929695374961333 7.550402522574286e-10 -7.326934617266314e-10
32 0.9296953750034599 7.561749001877383e-10 -7.337663812584158e-10
32 0.9296953750455818 7.573746071872403e-10 -7.351249611746474e-10
32 0.9296953750874591 7.584353142641632e-10 -7.363601953127542e-10
32 0.9296953751291859 7.595983839038777e-10 -7.375725588565383e-10
32 0.9296953751708114 7.607892091191854e-10 -7.385853043003488e-10
32 0.9296953752122231 7.618954353400797e-10 -7.402104487649967e-10
32 0.9296953752535524 7.630052142746489e-10 -7.414300287584509e-10
32 0.9296953752947514 7.641416385617875e-10 -7.423378581263605e-10
32 0.9296953753357644 7.65247864782678e-10 -7.437637175579461e-10
32 0.9296953753766336 7.664393561317932e-10 -7.448239805472522e-10
32 0.9296953754173227 7.675748922405089e-10 -7.461641307612764e-10
32 0.9296953754579014 7.68671792587996e-10 -7.472649168910141e-10
32 0.9296953754984041 7.698817136393017e-10 -7.485335687422022e-10
32 0.9296953755386544 7.709486379651445e-10 -7.49837081596391e-10
32 0.9296953755788222 7.722207315057785e-10 -7.508756952367073e-10
32 0.9296953756187872 7.732838810733379e-10 -7.520710723682194e-10
32 0.9296953756586197 7.744209714942791e-10 -7.532894311163601e-10
32 0.9296953756984169 7.755223127338537e-10 -7.545429839344095e-10
32 0.9296953757379944 7.766336459806411e-10 -7.55814522365473e-10
32 0.929695375777488 7.778349072923518e-10 -7.570425400539397e-10
32 0.9296953758167322 7.789964226198105e-10 -7.581132391396993e-10
32 0.9296953758558825 7.800327047901878e-10 -7.593359277576467e-10
32 0.9296953758949944 7.812515076256699e-10 -7.606076882333214e-10
32 0.9296953759338906 7.823310884939714e-10 -7.61732011091215e-10
32 0.9296953759726614 7.835281309581851e-10 -7.628950807326989e-10
32 0.9296953760112957 7.846767676985615e-10 -7.642049218581519e-10
32 0.9296953760497693 7.856824077134775e-10 -7.654553660517436e-10
32 0.9296953760881933 7.869054293964428e-10 -7.666539628300471e-10
32 0.9296953761264011 7.880653904116578e-10 -7.676665972515845e-10
32 0.9296953761644458 7.893043993061623e-10 -7.688767403493557e-10
32 0.9296953762025015 7.90296272555579e-10 -7.70116193335001e-10
32 0.9296953762402227 7.914908725291309e-10 -7.713768515804344e-10
32 0.9296953762779635 7.925919917240819e-10 -7.723226505758426e-10
32 0.9296953763155094 7.938651954877122e-10 -7.738654164920544e-10
32 0.9296953763529479 7.948754984393185e-10 -7.749432210051952e-10
32 0.9296953763902601 7.959974898271121e-10 -7.763621970540692e-10
32 0.9296953764274497 7.97200305451033e-10 -7.773436342086003e-10
32 0.9296953764644996 7.982925428617879e-10 -7.786444825275657e-10
32 0.9296953765015562 7.994478409402899e-10 -7.799738635782879e-10
32 0.9296953765381833 8.005989201713003e-10 -7.811306049485477e-10
32 0.9296953765748576 8.016611815604107e-10 -7.822729134194775e-10
32 0.9296953766114454 8.028822048419138e-10 -7.833033114094387e-10
32 0.9296953766479069 8.038771867157835e-10 -7.846636676825783e-10
32 0.9296953766841369 8.05084221187185e-10 -7.858828035868766e-10
32 0.9296953767204585 8.062304154368845e-10 -7.869993548836202e-10
32 0.9296953767563326 8.073801624002587e-10 -7.883373956739524e-10
32 0.9296953767921784 8.084670707404885e-10 -7.8941264667415e-10
32 0.9296953768280642 8.095704103814685e-10 -7.906356683590434e-10
32 0.9296953768637104 8.108032020270135e-10 -7.919503944658449e-10
32 0.9296953768992702 8.118918867240776e-10 -7.928486759157809e-10
32 0.9296953769346958 8.130607295234533e-10 -7.940922367266502e-10
32 0.9296953769700091 8.141398663025109e-10 -7.955632822354478e-10
32 0.9296953770052022 8.152605254226545e-10 -7.965940132923303e-10
32 0.9296953770402441 8.164675598940423e-10 -7.977524199971477e-10
32 0.9296953770751465 8.175535800558433e-10 -7.990327291901676e-10
32 0.9296953771099912 8.187370777991254e-10 -8.001554977358687e-10
32 0.9296953771447369 8.197846842443034e-10 -8.013617550530899e-10
32 0.9296953771793599 8.209477538839467e-10 -8.025279333190914e-10
32 0.9296953772138028 8.220981669811181e-10 -8.038862911908113e-10
32 0.9296953772480828 8.231915146148695e-10 -8.048526293122223e-10
32 0.9296953772823303 8.244140922085796e-10 -8.061333825944616e-10
32 0.9296953773165536 8.254976698797198e-10 -8.07503730874862e-10
32 0.9296953773505845 8.265121916787844e-10 -8.084929395906023e-10
32 0.9296953773844431 8.277900583790709e-10 -8.09578515664959e-10
32 0.9296953774181765 8.288960625552864e-10 -8.109507513245076e-10
32 0.9296953774518752 8.300224948351366e-10 -8.12186984663431e-10
32 0.9296953774854023 8.311311635466066e-10 -8.129585896661724e-10
32 0.9296953775188387 8.321505703269695e-10 -8.143463684480831e-10
32 0.9296953775521837 8.333624897796412e-10 -8.155004452831214e-10
32 0.9296953775853901 8.345859555517578e-10 -8.169294133392828e-10
32 0.9296953776184904 8.356790811408908e-10 -8.1808027052755e-10
32 0.9296953776515142 8.367704303731847e-10 -8.193055126585295e-10
32 0.9296953776843936 8.380172108287947e-10 -8.199902982206796e-10
32 0.9296953777171493 8.390308444494275e-10 -8.216481942647131e-10
32 0.929695377749802 8.40117752789623e-10 -8.227849516205615e-10
32 0.9296953777822848 8.413205684134906e-10 -8.238491003905408e-10
32 0.929695377814804 8.424514415854217e-10 -8.25298274505779e-10
32 0.9296953778471188 8.43603186950197e-10 -8.262197596169788e-10
32 0.9296953778793235 8.446781048817316e-10 -8.276049848859491e-10
32 0.929695377911497 8.458256313990142e-10 -8.289982037607052e-10
32 0.9296953779434545 8.468674646844408e-10 -8.299771984246317e-10
32 0.9296953779753836 8.480929288579834e-10 -8.310352409679782e-10
32 0.9296953780072147 8.492542221407559e-10 -8.322025294570399e-10
32 0.9296953780388542 8.503233669125613e-10 -8.332292637110682e-10
32 0.9296953780704703 8.514886569982163e-10 -8.347260663941161e-10
32 0.9296953781019726 8.525153912505149e-10 -8.357570194956441e-10
32 0.9296953781332976 8.537401892902364e-10 -8.369165364235324e-10
32 0.9296953781645768 8.548819426477855e-10 -8.380403041699991e-10
32 0.9296953781957883 8.559373206540914e-10 -8.39289527118355e-10
32 0.9296953782268369 8.570755212979623e-10 -8.403661103862381e-10
32 0.9296953782578917 8.581921836151725e-10 -8.416316536130727e-10
32 0.9296953782886344 8.593665775296125e-10 -8.429987822467477e-10
32 0.9296953783193644 8.604779107763066e-10 -8.440975699751461e-10
