2 0.9103179434403232 0.028841947025677814 -1.953934765032323e-7
2 0.9379361272496393 0.0020024253289186384 -3.277730408473526e-6
2 0.9405396938411776 0.0005647626588156514 -3.352413528982591e-5
2 0.9413114139299357 0.00034306046637254644 -8.778119975397945e-5
2 0.9416478542877742 0.0002927992473336439 -0.0001460093763587551
2 0.941813977630314 0.00029138027505802875 -0.00019861954398580028
2 0.9419017813076578 0.00030561522806400076 -0.00024319066744120238
2 0.9419502606192364 0.0003239206274573256 -0.00027998289440628674
2 0.9419777823050162 0.00034200124685490244 -0.0003100328335030384
2 0.9419936527907912 0.0003583296986703527 -0.0003344786995693291
2 0.942002849441543 0.0003724887356911985 -0.000354346363435569
2 0.942008144867337 0.00038450969552382 -0.00037049947691709267
2 0.9420111316582269 0.000394594160727745 -0.0003836451165813614
2 0.9420127456809521 0.0004029938366139369 -0.00039435551299126073
2 0.9420135458801532 0.00040995911411943406 -0.0004030918583006059
2 0.9420138695869973 0.0004157184230069322 -0.0004102256341575135
2 0.9420139213960402 0.00042047156516904146 -0.0004160563864019596
2 0.9420138253025006 0.00042438931230082496 -0.000420826091858342
2 0.9420136559033412 0.00042761564976246053 -0.00042473062150152153
2 0.9420134573654907 0.00043027095928077554 -0.0004279288460386733
2 0.9420132550960585 0.0004324553455710477 -0.00043054986756918746
2 0.9420130629839368 0.0004342517554539589 -0.0004326987742845759
2 0.9420128879166062 0.0004357287534035027 -0.000434461233365656
2 0.9420127326024899 0.00043694292150858266 -0.0004359071689045975
2 0.9420125973311253 0.00043794089928646506 -0.00043709371684294486
4 0.9425838525920931 7.679508033883304e-5 -6.217248937900896e-15
4 0.942715613170711 4.4399548748564546e-5 -7.460615614933593e-8
4 0.9427967359818146 3.344536642312517e-5 -4.319867384281533e-7
4 0.9428581174625619 2.7639049384493335e-5 -9.856472851508447e-7
4 0.94290780196017 2.383319802035504e-5 -1.6207573478082013e-6
4 0.9429491783855625 2.1124804787585582e-5 -2.281267197204495e-6
4 0.9429842182705345 1.9140244683458133e-5 -2.943832313009953e-6
4 0.9430142663961892 1.7674451976545973e-5 -3.5996839663858715e-6
4 0.9430403058026221 1.6595093451059712e-5 -4.245876759999527e-6
4 0.9430630793521829 1.5809625388520332e-5 -4.881506534057774e-6
4 0.9430831596479949 1.525062952188062e-5 -5.506234022916625e-6
4 0.9431009945765011 1.486781054430624e-5 -6.119784840154801e-6
4 0.9431169388477159 1.462303099574479e-5 -6.721827002731165e-6
4 0.9431312765422828 1.448700138390373e-5 -7.311976631771678e-6
4 0.9431442375433344 1.4436982918484732e-5 -7.889835152439462e-6
4 0.9431560096817466 1.4455153316079724e-5 -8.455024653509702e-6
4 0.9431667478204036 1.4527423956966992e-5 -9.007212781232369e-6
4 0.9431765807228544 1.4642571722392959e-5 -9.546126956156113e-6
4 0.9431856162997586 1.4791594305496062e-5 -1.0071560294874194e-5
4 0.9431939456552764 1.496722624596647e-5 -1.0583372076527705e-5
4 0.9432016462368296 1.5163571860431203e-5 -1.108148464699619e-5
4 0.9432087843085897 1.5375824342594946e-5 -1.1565878172650031e-5
4 0.9432154169102329 1.56000487371796e-5 -1.2036584712389976e-5
4 0.9432215934203778 1.5833013030909687e-5 -1.2493681987452043e-5
4 0.9432273568139573 1.6072055498982225e-5 -1.2937287088678885e-5
4 0.9432327446807479 1.6314979798902707e-5 -1.3367550904754169e-5
4 0.9432377900557755 1.655997138628871e-5 -1.3784652771352675e-5
4 0.9432425221009426 1.6805530596673344e-5 -1.4188795828936348e-5
4 0.9432469666677296 1.705041861328468e-5 -1.4580202882251322e-5
4 0.9432511467643679 1.7293613507983957e-5 -1.4959112658276368e-5
4 0.9432550829460502 1.753427461211444e-5 -1.532577680180338e-5
4 0.9432587936420554 1.777171303437143e-5 -1.5680456925632922e-5
4 0.9432622954318577 1.8005367501250075e-5 -1.602342244381486e-5
4 0.9432656032788594 1.8234784340806552e-5 -1.6354948387008686e-5
4 0.9432687307292699 1.8459600714903585e-5 -1.6675313705013042e-5
4 0.9432716900820276 1.8679530758658898e-5 -1.69847997561456e-5
4 0.9432744925345976 1.8894353850838573e-5 -1.7283689012562456e-5
4 0.9432771483083616 1.9103904788710327e-5 -1.7572264033477242e-5
4 0.9432796667571351 1.930806543015586e-5 -1.7850806430496393e-5
4 0.9432820564611446 1.950675768180547e-5 -1.811959611728683e-5
4 0.943284325308857 1.969993749347084e-5 -1.8378910646286463e-5
4 0.9432864805683342 1.9887589670805902e-5 -1.8629024581719704e-5
4 0.9432885289497861 2.0069723621654995e-5 -1.8870209082782382e-5
4 0.9432904766604171 2.0246369490089975e-5 -1.9102731441196163e-5
4 0.9432923294527571 2.0417575024961835e-5 -1.932685473300769e-5
4 0.9432940926673682 2.0583402678268618e-5 -1.954283755221355e-5
4 0.943295771270566 2.074392734455695e-5 -1.9750933792348657e-5
4 0.9432973698880233 2.08992342022432e-5 -1.9951392369565687e-5
4 0.9432988928345827 2.104941692840865e-5 -2.0144457160214773e-5
4 0.9433003441408876 2.1194576158951035e-5 -2.033036682984231e-5
4 0.943301727577202 2.1334818153014625e-5 -2.0509354733024367e-5
4 0.9433030466747448 2.147025359308813e-5 -2.0681648829743812e-5
4 0.9433043047448719 2.160099654008765e-5 -2.0847471695362178e-5
4 0.9433055048963092 2.1727163640899802e-5 -2.1007040416792306e-5
4 0.9433066500507766 2.1848873277307084e-5 -2.116056662900712e-5
4 0.9433077429570103 2.196624490364761e-5 -2.130825648915349e-5
4 0.9433087862035735 2.2079398522361924e-5 -2.1450310730382756e-5
4 0.9433097822303962 2.218845414355325e-5 -2.1586924647624045e-5
4 0.9433107333393477 2.2293531359786532e-5 -2.171828815330398e-5
4 0.9433116417038161 2.2394748921553705e-5 -2.184458584672332e-5
4 0.9433125093774641 2.249222455809284e-5 -2.1965997016153397e-5
4 0.9433133383022957 2.258607455596199e-5 -2.2082695769722035e-5
4 0.9433141303159182 2.2676413540113162e-5 -2.2194851065933843e-5
4 0.9433148871584123 2.2763354398625774e-5 -2.2302626802479218e-5
4 0.9433156104784015 2.284700796430666e-5 -2.2406181889833624e-5
4 0.9433163018388611 2.2927482982720972e-5 -2.2505670335515888e-5
4 0.9433169627223462 2.3004885932566632e-5 -2.260124132490534e-5
4 0.9433175945358728 2.3079321004140716e-5 -2.2693039360347563e-5
4 0.9433181986154008 2.3150889913274446e-5 -2.2781204298561955e-5
4 0.9433187762300173 2.3219691978384745e-5 -2.2865871475093267e-5
4 0.9433193285858625 2.328582401056839e-5 -2.2947171808668135e-5
4 0.9433198568296347 2.3349380256763404e-5 -2.3025231873132837e-5
4 0.9433203620520223 2.3410452472137233e-5 -2.310017403722763e-5
4 0.9433208452907648 2.3469129818395805e-5 -2.317211655950749e-5
4 0.9433213075336 2.3525498963704236e-5 -2.324117363863124e-5
8 0.9433520078874741 4.080377827763338e-6 4.6629367034256464e-15
8 0.9433589401999839 2.2172350426449097e-6 -3.898898767003119e-9
8 0.9433629083277081 1.5317771696624418e-6 -2.2278978354980894e-8
8 0.9433656603051724 1.186106213703918e-6 -4.9957510044315175e-8
8 0.9433677449684197 9.83378728321533e-7 -8.064758264442838e-8
8 0.9433694051918651 8.52920100297505e-7 -1.1138255361053782e-7
8 0.943370769839111 7.640585354255398e-7 -1.4088934001627865e-7
8 0.943371916705737 7.01422158606556e-7 -1.6864444486304632e-7
8 0.943372897131751 6.563268712963147e-7 -1.944720618233639e-7
8 0.9433737470130028 6.234007823038633e-7 -2.1836435024014976e-7
8 0.9433744923984462 5.991067368346867e-7 -2.403931807235486e-7
8 0.9433751526744392 5.810188838563421e-7 -2.6066525604698197e-7
8 0.9433757425424253 5.674298064690771e-7 -2.792984140981263e-7
8 0.9433762733249795 5.571174375355272e-7 -2.9641082262925756e-7
8 0.9433767538644792 5.491976608632233e-7 -3.1211548931186717e-7
8 0.9433771911581306 5.430262801630477e-7 -3.265185877397399e-7
8 0.943377590815117 5.381320051589663e-7 -3.397186524039866e-7
8 0.94337795738981 5.341693102241897e-7 -3.5180800377403213e-7
8 0.9433782946273934 5.308846056886387e-7 -3.6287177396405435e-7
8 0.9433786056460365 5.280922796867935e-7 -3.7298989636306177e-7
8 0.9433788930736474 5.256567609621137e-7 -3.822364157409649e-7
8 0.9433791591505335 5.234794144687569e-7 -3.9068045169952046e-7
8 0.9433794058076562 5.214892619111054e-7 -3.983866378759269e-7
8 0.943379634726248 5.19635490629291e-7 -4.0541546466812254e-7
8 0.9433798473837761 5.178823443557703e-7 -4.118218842383916e-7
8 0.9433800450896433 5.162051035441005e-7 -4.176585880035708e-7
8 0.9433802290129512 5.145870160480657e-7 -4.229739997946741e-7
8 0.9433804002045878 5.13017207905139e-7 -4.278127020713047e-7
8 0.9433805596145456 5.114890273287207e-7 -4.322155594892053e-7
8 0.9433807081060065 5.099986669221025e-7 -4.3622122591737207e-7
8 0.9433808464665182 5.085443607656088e-7 -4.398644936465033e-7
8 0.943380975417578 5.071257040722872e-7 -4.431773518758899e-7
8 0.94338109562188 5.057430825335731e-7 -4.461900112275172e-7
8 0.9433812076899468 5.043973976502575e-7 -4.489290190304875e-7
8 0.9433813121854194 5.030897421034405e-7 -4.5141932233824374e-7
8 0.9433814096296397 5.018212925070422e-7 -4.536835900259957e-7
8 0.9433815005055947 5.005931457610113e-7 -4.5574246925227345e-7
8 0.9433815852612617 4.994062029220528e-7 -4.57614804950052e-7
8 0.9433816643126729 4.982611771972292e-7 -4.593179520215533e-7
8 0.9433817380464277 4.971585672986193e-7 -4.6086705358188074e-7
8 0.9433818068222202 4.960986903059018e-7 -4.62276541426087e-7
8 0.9433818709747208 4.950815080275595e-7 -4.6355937064103903e-7
8 0.9433819308155755 4.941068981172058e-7 -4.647271999056937e-7
8 0.9433819866351519 4.931744904267913e-7 -4.657906286348235e-7
8 0.9433820387038901 4.922836685609143e-7 -4.6675930789033084e-7
8 0.9433820872740016 4.914338001369618e-7 -4.6764194448906034e-7
8 0.9433821325805773 4.906239789914502e-7 -4.684463438574151e-7
8 0.9433821748428124 4.898532487788317e-7 -4.6917997313672883e-7
8 0.9433822142651008 4.891205825434013e-7 -4.6984925041814435e-7
8 0.9433822510381465 4.884247650357135e-7 -4.704598429486501e-7
8 0.9433822853397849 4.877646762634042e-7 -4.7101730462143526e-7
8 0.9433823173359213 4.871390068301468e-7 -4.715263742035814e-7
8 0.9433823471813032 4.865465366014955e-7 -4.719915059118918e-7
8 0.9433823750203322 4.859859230964804e-7 -4.7241667956466156e-7
8 0.9433824009877011 4.854558753484486e-7 -4.728052108444705e-7
8 0.9433824252090749 4.849550995041635e-7 -4.7316115661914974e-7
8 0.9433824478016829 4.844823032646944e-7 -4.734866947031807e-7
8 0.9433824688749265 4.840362258614243e-7 -4.737847138982125e-7
8 0.9433824885308376 4.836155676679451e-7 -4.7405773074794335e-7
8 0.9433825068646102 4.832191667254327e-7 -4.743079343911511e-7
8 0.9433825239651229 4.828458155559375e-7 -4.745373848476184e-7
8 0.9433825399152128 4.824942891399908e-7 -4.74747848927091e-7
8 0.9433825547921546 4.821635580793236e-7 -4.749408624017965e-7
8 0.9433825686681128 4.818524752920803e-7 -4.751181530016164e-7
8 0.9433825816103556 4.815600087154526e-7 -4.75281004811103e-7
8 0.9433825936816331 4.812851809095761e-7 -4.7543059833095257e-7
8 0.9433826049405338 4.810269857908446e-7 -4.755678567120432e-7
8 0.9433826154416833 4.807845256333649e-7 -4.756944611658956e-7
8 0.9433826252360182 4.805569275802258e-7 -4.758109186205801e-7
16 0.9433832510748043 8.161739617481829e-8 -2.7755575615628953e-15
16 0.943383389350748 4.315502906279042e-8 -7.454481476570936e-12
16 0.9433834670526696 2.865986384890087e-8 -1.8357537712345463e-11
16 0.9433835199230043 2.0950785109353854e-8 -3.731503994755757e-11
16 0.9433835590403846 1.6159342178134807e-8 -6.199174507252128e-11
16 0.943383589392282 1.2904326412993905e-8 -9.0743745854947e-11
16 0.9433836136806288 1.0564036700678e-8 -1.2256951010454864e-10
16 0.9433836335456492 8.815016233626459e-9 -1.5632206641469943e-10
16 0.9433836500626889 7.470686485949607e-9 -1.9136825459452944e-10
16 0.9433836639756783 6.415024935109749e-9 -2.2703350313425902e-10
16 0.9433836758202288 5.571949996971795e-9 -2.6274982193440676e-10
16 0.9433836859938259 4.889216131103602e-9 -2.981330738283433e-10
16 0.9433836947983182 4.329903093354819e-9 -3.329432285980293e-10
16 0.9433837024680515 3.867190338252329e-9 -3.668712001532359e-10
16 0.943383709187561 3.481133819585487e-9 -3.997877585337552e-10
16 0.943383715104536 3.1566527120134942e-9 -4.3155568017358447e-10
16 0.9433837203385187 2.8821798239807323e-9 -4.619975514331971e-10
16 0.9433837249873841 2.648641080727587e-9 -4.910976071455147e-10
16 0.943383729131927 2.4488617770259964e-9 -5.18988407939629e-10
16 0.9433837328394099 2.277162233959765e-9 -5.452915898084402e-10
16 0.943383736166361 2.12892192536932e-9 -5.703389984140728e-10
16 0.9433837391603873 2.000363206409068e-9 -5.939432281097643e-10
16 0.9433837418619355 1.888524446151707e-9 -6.162306222756928e-10
16 0.9433837443055345 1.7907180167096512e-9 -6.373912510937071e-10
16 0.9433837465207963 1.7049730501770651e-9 -6.571228008339315e-10
16 0.9433837485332699 1.629484990055768e-9 -6.758114070645071e-10
16 0.9433837503650441 1.5627972237420518e-9 -6.928702058941515e-10
16 0.9433837520351306 1.5037260314506025e-9 -7.093103884543269e-10
16 0.9433837535604708 1.451173846702219e-9 -7.246703240110288e-10
16 0.9433837549555881 1.4043186603716508e-9 -7.388381020832427e-10
16 0.9433837562333703 1.362469025560905e-9 -7.521957504139786e-10
16 0.9433837574051885 1.3248873100940264e-9 -7.646197011804688e-10
16 0.9433837584810266 1.291130534985243e-9 -7.761002954423569e-10
16 0.9433837594697959 1.260603620694493e-9 -7.868181664858588e-10
16 0.9433837603794165 1.2330845226174213e-9 -7.968207208341393e-10
16 0.9433837612169864 1.2081720061536613e-9 -8.060992987475781e-10
16 0.9433837619888081 1.1854897056985065e-9 -8.147098554666414e-10
16 0.9433837627005485 1.1649063928907505e-9 -8.227123430346913e-10
16 0.9433837633573404 1.1461251940940785e-9 -8.301911384016545e-10
16 0.9433837639637949 1.1289946748882041e-9 -8.370717456025049e-10
16 0.9433837645240882 1.1133252091808177e-9 -8.436693569541868e-10
16 0.9433837650419392 1.0989533721429422e-9 -8.495834039890695e-10
16 0.9433837655208352 1.085765254892431e-9 -8.551142020355588e-10
16 0.9433837659638733 1.0736795891040157e-9 -8.60085003587976e-10
16 0.9433837663738726 1.0625640361933414e-9 -8.648448627655566e-10
16 0.9433837667534853 1.0523011345645589e-9 -8.693490375803665e-10
16 0.9433837671049814 1.0428353730665208e-9 -8.733878069028671e-10
16 0.9433837674306047 1.0341048012545398e-9 -8.771153807113086e-10
16 0.9433837677323148 1.0260743360810933e-9 -8.803908717037386e-10
16 0.943383768011902 1.0186147475862631e-9 -8.835434610072446e-10
16 0.9433837682710694 1.0117571220147202e-9 -8.867282467785034e-10
16 0.9433837685113698 1.0053662342022136e-9 -8.894441853660559e-10
16 0.943383768734199 9.994962630322998e-10 -8.920659770410435e-10
16 0.9433837689408363 9.940184226342593e-10 -8.943119582218663e-10
16 0.9433837691325232 9.889338232311222e-10 -8.965690416329504e-10
16 0.9433837693103385 9.842437970905228e-10 -8.985370229681673e-10
16 0.9433837694752965 9.798670758871437e-10 -9.002870675234579e-10
16 0.9433837696283647 9.758331915534153e-10 -9.019840434181266e-10
16 0.9433837697704315 9.720688693697875e-10 -9.035282526244719e-10
16 0.9433837699022273 9.68555235544863e-10 -9.049699882455537e-10
16 0.9433837700245838 9.65312940226883e-10 -9.062656185164646e-10
16 0.943383770138148 9.622664882502476e-10 -9.075179500893775e-10
16 0.9433837702435566 9.594580680898543e-10 -9.086988943217438e-10
16 0.9433837703414062 9.568501542075085e-10 -9.09616160585523e-10
16 0.9433837704322564 9.544354191312564e-10 -9.106095881488618e-10
16 0.943383770516581 9.521576855761068e-10 -9.113841907538483e-10
16 0.943383770594883 9.500653592658884e-10 -9.123671822207479e-10
16 0.943383770667601 9.481200264839865e-10 -9.129206283990286e-10
16 0.9433837707350412 9.46277278309459e-10 -9.137177685314375e-10
16 0.9433837707977207 9.4457353005748e-10 -9.143551475704574e-10
16 0.943383770855907 9.42990129981254e-10 -9.149779826878418e-10
16 0.9433837709099447 9.41547062095206e-10 -9.154702555774111e-10
16 0.9433837709601143 9.401619478509868e-10 -9.159941698232115e-10
16 0.9433837710066934 9.38883192972425e-10 -9.164790042185095e-10
16 0.9433837710499742 9.376910354897011e-10 -9.168869001581307e-10
16 0.9433837710901514 9.365797022430928e-10 -9.171164942798337e-10
16 0.9433837711274634 9.355776149420041e-10 -9.177167918697993e-10
16 0.9433837711621019 9.346032832165042e-10 -9.179376152295999e-10
16 0.9433837711942819 9.337186575113092e-10 -9.182393738479701e-10
16 0.9433837712241472 9.329004231429242e-10 -9.186418296947664e-10
16 0.9433837712519245 9.321137191084083e-10 -9.185492370944275e-10
16 0.9433837712776896 9.313732003516734e-10 -9.193117382684408e-10
16 0.9433837713016157 9.307097310727751e-10 -9.19146204015317e-10
16 0.9433837713238619 9.300913368486343e-10 -9.194091048277899e-10
16 0.9433837713444948 9.295166854116226e-10 -9.195925136716266e-10
16 0.94338377136369 9.289538023386607e-10 -9.197425048023914e-10
16 0.9433837713814761 9.284668585205124e-10 -9.197690391327043e-10
