2 0.9812944112904394 0.02788873948476024 -2.944848473471862e-7
2 1.011243531933242 0.0037252302518250837 -7.522260740397271e-6
2 1.0169548866338498 0.001716319839225047 -6.255764786271095e-5
2 1.0196764823627655 0.0011555078740005686 -0.00015677090724560875
2 1.0212899863216416 0.0009188558953605925 -0.0002582738043860561
2 1.0223297084625504 0.0008072545169068752 -0.00035027746836014594
2 1.023032186640096 0.0007517705219220737 -0.0004274195780122815
2 1.0235211473260637 0.0007232934081759682 -0.0004894793178103562
2 1.023868190010976 0.0007083773380823289 -0.0005381855208425534
2 1.0241177629529608 0.0007004610257312886 -0.0005758038049982649
2 1.0242988721232 0.0006962244230418282 -0.0006045425019373038
2 1.0244311339370202 0.0006939459186047673 -0.0006263292012987838
2 1.0245281584024195 0.0006927177426098094 -0.000642754480490155
2 1.0245995634422198 0.0006920557661320634 -0.000655087962921694
2 1.0246522366394704 0.000691699809189354 -0.0006643216895997918
2 1.024691158000702 0.0006915093527187332 -0.0006712197087834071
2 1.0247199535809133 0.0006914082874395962 -0.0006763645812068766
2 1.0247412771410582 0.0006913553442738559 -0.0006801973177786674
2 1.0247570781637647 0.0006913281565240368 -0.0006830500512964886
2 1.0247687927193674 0.0006913146280354029 -0.000685171976972746
2 1.024777480831504 0.0006913082435973397 -0.0006867495484180423
2 1.0247839261240557 0.0006913055168204019 -0.0006879219922586067
2 1.0247887085355927 0.0006913046004660602 -0.0006887931150822881
2 1.0247922576156074 0.0006913045302561478 -0.0006894402292511191
2 1.0247948917169356 0.0006913048141501295 -0.0006899208679170233
2 1.0247968468874742 0.0006913052100321345 -0.0006902778194143774
2 1.024798298207309 0.0006913056059239025 -0.000690542891884643
2 1.0247993755680496 0.0006913059560412999 -0.000690739723093176
4 1.0256587831036106 6.82690526252173e-5 -1.3322676295501888e-15
4 1.0257586328530885 1.586695022185098e-5 -8.785325786405215e-8
4 1.0257818410358863 4.75271972188749e-6 -4.161519705441614e-7
4 1.0257879297409616 2.1632340755387065e-6 -7.720002474036869e-7
4 1.0257896923241505 1.5623966560887475e-6 -1.0369701914649067e-6
4 1.0257902693527534 1.4367783999291677e-6 -1.2057936927771726e-6
4 1.0257904918714968 1.4191225774680553e-6 -1.3049786714001939e-6
4 1.0257905946184878 1.4215554594611912e-6 -1.3606368860116943e-6
4 1.0257906496201092 1.4251177672799405e-6 -1.3910521600800459e-6
4 1.0257906819178757 1.42701640648271e-6 -1.4074202894087108e-6
4 1.025790701814356 1.4276329732884644e-6 -1.4161519976578665e-6
4 1.0257907143455545 1.4276021937313159e-6 -1.420787111863676e-6
4 1.0257907223134142 1.4273281586615018e-6 -1.423240963699825e-6
4 1.0257907273991056 1.4270106353296188e-6 -1.424538265148115e-6
4 1.0257907306496126 1.4267304416392672e-6 -1.4252237031652416e-6
4 1.0257907327278721 1.4265100999867169e-6 -1.4255858134679953e-6
4 1.0257907340565742 1.4263473985888524e-6 -1.4257771433595854e-6
4 1.0257907349058872 1.4262319040286864e-6 -1.4258782813796428e-6
4 1.0257907354486668 1.4261520182669266e-6 -1.4259317582344566e-6
4 1.0257907357954645 1.4260977790645442e-6 -1.4259600830618064e-6
8 1.0257925087212374 1.4362266654878473e-7 1.110223024625156e-15
8 1.0257927229156405 3.8357335238483676e-8 -1.8028900596282877e-10
8 1.025792781021212 1.3140235924067586e-8 -8.556646506116388e-10
8 1.0257927991804732 5.916298766712996e-9 -1.5883828709386984e-9
8 1.0257928051665217 3.7697707107041205e-9 -2.1404469331002595e-9
8 1.0257928071882356 3.1573441589110483e-9 -2.5036492910223953e-9
8 1.0257928078792224 3.008979949561906e-9 -2.728330565196373e-9
8 1.0257928081169807 2.9924491728640514e-9 -2.8632587453138613e-9
8 1.0257928081993257 3.0065783151222604e-9 -2.94311420112712e-9
8 1.0257928082281151 3.022901480114904e-9 -2.989953955563495e-9
8 1.0257928082383343 3.0352176281789745e-9 -3.0173837918260888e-9
8 1.0257928082420598 3.0433671092441643e-9 -3.033518885136387e-9
8 1.0257928082435324 3.048447933878583e-9 -3.0427795884798283e-9
8 1.0257928082441357 3.0515558922042397e-9 -3.0483070558693635e-9
8 1.0257928082444387 3.0533506787403703e-9 -3.0514304463140677e-9
8 1.0257928082445895 3.0544786653299447e-9 -3.0533043917630525e-9
8 1.025792808244719 3.055093950928312e-9 -3.0544037346053934e-9
8 1.02579280824478 3.0555211647468827e-9 -3.055097957064812e-9
8 1.0257928082447958 3.055766524034575e-9 -3.0554616661287905e-9
8 1.0257928082447973 3.055913517562586e-9 -3.0556701660134524e-9
16 1.025792812043812 3.076070508949269e-10 1.3766765505351846e-14
16 1.0257928125041884 8.17717005185832e-11 1.0436096431476416e-14
16 1.0257928126315232 2.6039392863824322e-11 -6.661338147750941e-16
16 1.0257928126726894 8.925304939526728e-12 -1.1324274851176661e-14
16 1.025792812686861 3.1785685194967716e-12 -2.264854970235345e-14
16 1.0257928126919384 1.1808332089906194e-12 -2.142730437526575e-14
16 1.0257928126937712 4.631850458735081e-13 -3.9412917374193833e-14
16 1.0257928126944411 2.136069099378573e-13 -5.05151476204459e-14
16 1.0257928126947096 1.0991207943788445e-13 -2.0650148258028126e-14
16 1.0257928126947886 7.505107646465777e-14 -1.8640644583458115e-13
16 1.0257928126948412 5.2180482157380994e-14 -3.8746783559418714e-14
16 1.0257928126948472 5.5733195836181306e-14 -1.687538997430252e-14
16 1.0257928126948583 4.418687638008025e-14 -5.551115123125937e-14
16 1.0257928126948728 5.262457136723104e-14 -3.141931159689242e-14
16 1.0257928126948634 2.375877272697807e-14 -6.70574706873617e-14
16 1.0257928126948628 4.840572387365565e-14 -5.317968287954641e-14
16 1.0257928126948508 5.639932965095636e-14 -1.4210854715203013e-13
16 1.0257928126948597 4.596323321948043e-14 -5.750955267558476e-14
16 1.0257928126948557 3.619327060277945e-14 -3.3084646133830214e-14
16 1.0257928126948634 4.8849813083505695e-14 1.643130076445218e-14
16 1.0257928126948614 4.7073456244105527e-14 -5.81756864903599e-14
16 1.0257928126948646 4.1966430330830034e-14 -8.326672684688709e-15
16 1.025792812694866 4.1078251911129946e-14 2.353672812205304e-14
16 1.02579281269487 5.6177285046031343e-14 -3.2418512319055095e-14
16 1.025792812694861 2.997602166487878e-14 -8.582023980352829e-14
16 1.0257928126948628 5.373479439185613e-14 -2.1982415887578342e-14
16 1.0257928126948561 1.665334536937721e-14 -4.074518500374408e-14
16 1.0257928126948623 4.152234112097999e-14 -5.639932965095954e-14
16 1.025792812694865 4.1966430330830034e-14 -3.619327060278076e-14
16 1.025792812694861 3.641531520770447e-14 -9.681144774731833e-14
16 1.0257928126948692 5.2180482157380994e-14 -4.3631764867769605e-14
16 1.0257928126948566 4.3076653355455146e-14 -4.57411886145575e-14
16 1.0257928126948594 3.930189507172977e-14 -6.450395773072368e-14
16 1.025792812694866 2.0872192862952725e-14 -5.118128143522103e-14
16 1.0257928126948588 3.7969627442179634e-14 -5.406786129924659e-14
16 1.025792812694861 3.7525538232329584e-14 -6.650235917504909e-14
16 1.0257928126948563 5.68434188608064e-14 -1.2301271112847492e-13
16 1.0257928126948725 5.2180482157380994e-14 -5.107025913275851e-14
16 1.0257928126948594 5.3068660577081075e-14 -4.241051954068188e-14
16 1.025792812694873 4.4630965589930296e-14 -1.0269562977783226e-13
16 1.02579281269486 5.4400928206631194e-14 -4.263256414560692e-14
16 1.0257928126948654 4.951594689828076e-14 -1.8551826741488087e-13
16 1.0257928126948577 3.153033389935395e-14 -1.521005543736476e-14
16 1.0257928126948606 5.995204332975666e-14 -3.486100297323052e-14
16 1.0257928126948705 2.953193245502873e-14 -7.538414337205097e-14
16 1.0257928126948492 5.5733195836181306e-14 -2.5646151868841444e-14
16 1.0257928126948572 3.819167204710465e-14 -1.1690648449303582e-13
16 1.025792812694862 2.997602166487878e-14 -3.608224830031824e-14
16 1.0257928126948894 3.841371665202968e-14 -5.151434834260859e-14
16 1.0257928126948574 1.8873791418627484e-14 -3.452793606584296e-14
16 1.0257928126948663 2.2870594307277963e-14 -4.0301095793893997e-14
16 1.0257928126948628 1.754152378907732e-14 -6.716849298982423e-14
16 1.0257928126948441 5.040412531798084e-14 1.4632739464558493e-13
16 1.025792812694864 2.309263891220299e-14 2.371436380599053e-13
16 1.025792812694861 4.6407322429330464e-14 -3.486100297323052e-14
16 1.0257928126948657 4.818367926873063e-14 -4.4408920985007246e-14
16 1.0257928126948783 2.731148640577848e-14 2.8865798640254027e-15
16 1.0257928126948723 3.264055692397907e-14 -3.4749980670768006e-14
16 1.0257928126948617 7.482903185973275e-14 -9.336975637098002e-14
16 1.0257928126948541 5.240252676230601e-14 -3.0309088572267234e-14
16 1.0257928126948679 5.3290705182006094e-14 -2.8865798640254113e-15
16 1.0257928126948548 2.908784324517868e-14 -2.1194157540096485e-13
16 1.0257928126948594 5.3068660577081075e-14 -5.073719222537094e-14
16 1.0257928126948654 4.529709940470536e-14 -9.336975637098002e-14
16 1.0257928126948668 5.240252676230601e-14 -1.2345680033832503e-13
16 1.0257928126948548 3.3528735343679166e-14 -3.208544541166754e-14
