2 0.28618682074991847 0.4185532759660974 0.019738171005384796 -0.03641495655864357 0.05556086328935461
2 0.28736282588692125 0.41732113944647825 0.01830609490363369 -0.03685708667418717 0.06889338158786777
2 0.28701678213101256 0.41597750738143907 0.018482418709792756 -0.037095834502701035 0.07462918004198053
2 0.2868137016608363 0.4154021464278369 0.018608301557282193 -0.037164589665210426 0.07676668793379471
2 0.2867325601228509 0.4151867236675066 0.01865949570547058 -0.037187070021692484 0.07753593863403796
2 0.28670271755154036 0.41510900272052803 0.01867836708034304 -0.037194803658011054 0.07780991883168976
2 0.2866920105196968 0.41508129245543895 0.018685138313785335 -0.03719751504413309 0.07790717552606927
2 0.2866882001258441 0.41507145199412837 0.01868754767188511 -0.03719847220936912 0.0779416610352613
2 0.2866868478315195 0.4150679622143544 0.018688402654742385 -0.03719881094190243 0.07795388438258233
2 0.2866863683637223 0.41506672519730253 0.0186887057808948 -0.037198930922650926 0.07795821637532614
2 0.2866861984202976 0.41506628678564805 0.018688813219076575 -0.03719897343388069 0.07795975157915659
2 0.28668613819217736 0.41506613141691767 0.01868885129493673 -0.03719898849802857 0.07796029562777908
2 0.2866861168481228 0.4150660763568842 0.018688864788463152 -0.037198993836334564 0.07796048842779674
2 0.28668610928417865 0.4150660568446836 0.018688869570323584 -0.0371989957281054 0.07796055675217564
2 0.28668610660366733 0.41506604992995993 0.01868887126491535 -0.037198996398501764 0.07796058096491132
2 0.2866861056537512 0.4150660474795222 0.018688871865446682 -0.03719899663608493 0.07796058954540393
2 0.28668610531711675 0.41506604661113833 0.01868887207826277 -0.03719899672027312 0.07796059258614862
2 0.2866861051978216 0.41506604630340316 0.018688872153673385 -0.03719899675010778 0.07796059366372544
2 0.286686105155547 0.4150660461943459 0.018688872180401606 -0.037198996760678976 0.07796059404559663
2 0.2866861051405639 0.415066046155699 0.0186888721898719 -0.03719899676441854 0.07796059418092331
2 0.2866861051352565 0.41506604614200643 0.018688872193225896 -0.03719899676575244 0.07796059422888078
2 0.28668610513337367 0.41506604613714904 0.018688872194419733 -0.037198996766226844 0.07796059424587261
2 0.2866861051327087 0.41506604613543113 0.01868887219484274 -0.03719899676638885 0.07796059425189879
2 0.28668610513247167 0.41506604613482095 0.01868887219498963 -0.03719899676644325 0.07796059425403343
2 0.28668610513238796 0.41506604613460424 0.018688872195041714 -0.03719899676647367 0.07796059425478824
2 0.28668610513235776 0.4150660461345286 0.01868887219506046 -0.037198996766484846 0.07796059425505936
2 0.28668610513234777 0.41506604613450104 0.01868887219507201 -0.03719899676648265 0.07796059425515323
2 0.28668610513234327 0.41506604613449294 0.01868887219507179 -0.03719899676648634 0.07796059425518609
2 0.28668610513234194 0.415066046134489 0.018688872195069393 -0.03719899676648277 0.07796059425519758
2 0.2866861051323418 0.4150660461344865 0.01868887219507593 -0.03719899676647908 0.07796059425520334
2 0.2866861051323426 0.4150660461344858 0.01868887219507266 -0.03719899676648807 0.07796059425520539
2 0.2866861051323408 0.41506604613448694 0.018688872195075278 -0.037198996766479656 0.07796059425520271
2 0.28668610513234344 0.415066046134488 0.018688872195071572 -0.03719899676648588 0.07796059425520128
2 0.2866861051323401 0.4150660461344871 0.018688872195072228 -0.03719899676648496 0.07796059425520271
2 0.28668610513234327 0.41506604613448517 0.01868887219507288 -0.03719899676648173 0.07796059425520457
2 0.2866861051323423 0.4150660461344874 0.018688872195073317 -0.03719899676648565 0.07796059425520395
2 0.2866861051323423 0.4150660461344872 0.018688872195074188 -0.03719899676648346 0.0779605942552021
2 0.28668610513234427 0.4150660461344868 0.01868887219507288 -0.03719899676648138 0.07796059425520313
2 0.28668610513234344 0.4150660461344855 0.018688872195074188 -0.03719899676648576 0.07796059425520437
2 0.2866861051323426 0.41506604613448506 0.018688872195071354 -0.03719899676648496 0.07796059425520231
2 0.2866861051323426 0.41506604613448606 0.01868887219507201 -0.03719899676649245 0.07796059425520477
2 0.28668610513234194 0.41506604613448667 0.01868887219507092 -0.037198996766485186 0.077960594255206
2 0.28668610513234477 0.4150660461344896 0.01868887219507375 -0.03719899676648185 0.07796059425520355
2 0.2866861051323406 0.41506604613448633 0.01868887219507266 -0.03719899676648081 0.07796059425520498
2 0.2866861051323426 0.41506604613448694 0.018688872195070046 -0.037198996766485186 0.07796059425520498
2 0.2866861051323411 0.41506604613448606 0.01868887219507266 -0.03719899676647873 0.07796059425520888
2 0.28668610513234294 0.41506604613448533 0.018688872195070264 -0.03719899676647931 0.07796059425520395
2 0.2866861051323416 0.41506604613448767 0.018688872195073317 -0.03719899676648888 0.0779605942552058
2 0.28668610513234294 0.4150660461344831 0.01868887219507288 -0.037198996766482424 0.07796059425520334
2 0.2866861051323431 0.4150660461344883 0.01868887219507201 -0.03719899676648081 0.07796059425520374
2 0.28668610513234194 0.41506604613448916 0.018688872195069612 -0.03719899676648415 0.07796059425520642
2 0.28668610513234544 0.4150660461344855 0.018688872195072443 -0.037198996766484846 0.07796059425520539
2 0.2866861051323416 0.4150660461344872 0.0186888721950731 -0.0371989967664792 0.07796059425520231
2 0.28668610513234194 0.4150660461344846 0.018688872195067433 -0.0371989967664868 0.07796059425520128
2 0.28668610513234244 0.4150660461344887 0.018688872195071354 -0.037198996766486 0.07796059425520271
2 0.28668610513234494 0.4150660461344884 0.01868887219507615 -0.03719899676648346 0.07796059425520457
2 0.28668610513234144 0.4150660461344883 0.018688872195071572 -0.037198996766485304 0.07796059425520374
2 0.2866861051323413 0.4150660461344849 0.018688872195071572 -0.03719899676648726 0.07796059425520416
2 0.28668610513234377 0.4150660461344855 0.018688872195070264 -0.0371989967664815 0.07796059425520868
2 0.2866861051323441 0.41506604613448606 0.018688872195076586 -0.037198996766490376 0.07796059425520457
2 0.28668610513234294 0.415066046134488 0.018688872195077023 -0.03719899676648542 0.07796059425520271
2 0.2866861051323428 0.4150660461344881 0.018688872195077238 -0.037198996766486914 0.07796059425520518
2 0.2866861051323406 0.41506604613448633 0.018688872195071572 -0.03719899676648023 0.07796059425520292
2 0.2866861051323428 0.415066046134488 0.0186888721950731 -0.03719899676647931 0.07796059425520621
2 0.2866861051323423 0.4150660461344865 0.01868887219507201 -0.037198996766480925 0.07796059425520703
2 0.28668610513234244 0.41506604613448667 0.018688872195073317 -0.037198996766482195 0.0779605942552056
2 0.28668610513234527 0.4150660461344846 0.018688872195074407 -0.03719899676647643 0.07796059425520437
2 0.2866861051323446 0.41506604613448506 0.018688872195071572 -0.03719899676648127 0.07796059425520169
2 0.2866861051323421 0.41506604613448594 0.018688872195075715 -0.03719899676648703 0.0779605942552058
2 0.2866861051323421 0.4150660461344883 0.018688872195073317 -0.03719899676648634 0.07796059425520539
2 0.2866861051323411 0.41506604613448517 0.018688872195073532 -0.037198996766482195 0.07796059425520477
2 0.28668610513234244 0.41506604613448533 0.018688872195071354 -0.037198996766483 0.07796059425520703
2 0.2866861051323418 0.41506604613448755 0.01868887219507201 -0.03719899676649153 0.07796059425520724
2 0.28668610513234327 0.41506604613448506 0.018688872195069175 -0.037198996766476894 0.0779605942552019
2 0.2866861051323426 0.4150660461344833 0.0186888721950731 -0.037198996766483576 0.07796059425520457
2 0.28668610513234377 0.4150660461344872 0.01868887219507397 -0.03719899676648991 0.0779605942552056
2 0.2866861051323431 0.41506604613448256 0.018688872195069175 -0.03719899676648047 0.07796059425520518
2 0.2866861051323408 0.4150660461344856 0.018688872195070046 -0.03719899676648173 0.07796059425521155
2 0.2866861051323421 0.41506604613448445 0.01868887219507092 -0.03719899676648438 0.07796059425520355
2 0.28668610513234344 0.4150660461344868 0.01868887219507375 -0.03719899676647574 0.07796059425520252
2 0.2866861051323426 0.4150660461344883 0.01868887219507266 -0.037198996766478504 0.07796059425520313
2 0.28668610513234327 0.41506604613448633 0.018688872195070046 -0.03719899676648 0.07796059425520292
2 0.2866861051323411 0.4150660461344874 0.018688872195070264 -0.03719899676648369 0.07796059425520313
2 0.28668610513234327 0.4150660461344858 0.018688872195073532 -0.03719899676648415 0.07796059425520539
2 0.2866861051323428 0.41506604613448633 0.018688872195070483 -0.037198996766483805 0.07796059425520231
2 0.28668610513234144 0.4150660461344874 0.01868887219507201 -0.03719899676648138 0.07796059425520437
2 0.28668610513234044 0.41506604613448767 0.01868887219507288 -0.037198996766485075 0.07796059425520271
2 0.2866861051323428 0.41506604613448284 0.0186888721950731 -0.03719899676648012 0.07796059425520416
2 0.28668610513234294 0.41506604613448506 0.01868887219507484 -0.037198996766482306 0.07796059425520374
2 0.2866861051323413 0.4150660461344839 0.018688872195071135 -0.03719899676648173 0.07796059425520231
2 0.2866861051323421 0.4150660461344872 0.01868887219507484 -0.037198996766485075 0.07796059425520334
2 0.28668610513234394 0.4150660461344872 0.018688872195068956 -0.03719899676648369 0.07796059425520477
2 0.28668610513234477 0.4150660461344856 0.018688872195074625 -0.0371989967664777 0.07796059425520539
2 0.2866861051323426 0.41506604613448533 0.018688872195073532 -0.03719899676648277 0.07796059425520355
2 0.2866861051323441 0.4150660461344865 0.018688872195071354 -0.037198996766480925 0.07796059425520663
2 0.28668610513234327 0.415066046134488 0.018688872195070264 -0.037198996766479774 0.07796059425520169
2 0.2866861051323428 0.4150660461344884 0.018688872195074407 -0.037198996766482306 0.07796059425520313
2 0.2866861051323423 0.41506604613448767 0.01868887219507288 -0.03719899676647782 0.07796059425520847
2 0.2866861051323441 0.41506604613448594 0.018688872195075496 -0.037198996766479774 0.07796059425520518
2 0.2866861051323423 0.41506604613448755 0.018688872195079417 -0.037198996766480925 0.07796059425520621
2 0.28668610513234294 0.4150660461344868 0.01868887219507397 -0.037198996766486 0.07796059425520395
2 0.2866861051323418 0.41506604613448755 0.018688872195076804 -0.037198996766483 0.07796059425520518
2 0.28668610513234194 0.41506604613448417 0.018688872195071572 -0.037198996766482195 0.0779605942552019
2 0.28668610513234377 0.4150660461344849 0.018688872195073317 -0.037198996766482535 0.07796059425520724
2 0.2866861051323423 0.4150660461344849 0.0186888721950731 -0.037198996766480925 0.07796059425520539
2 0.28668610513234477 0.4150660461344862 0.01868887219507615 -0.037198996766481154 0.0779605942552058
2 0.28668610513234144 0.4150660461344883 0.01868887219507179 -0.03719899676647931 0.07796059425520745
2 0.2866861051323388 0.4150660461344856 0.01868887219507201 -0.03719899676648853 0.07796059425520539
2 0.28668610513234194 0.415066046134488 0.01868887219507201 -0.03719899676648807 0.07796059425520149
2 0.28668610513234244 0.4150660461344872 0.01868887219507397 -0.03719899676648565 0.07796059425520334
2 0.28668610513234494 0.4150660461344872 0.018688872195074188 -0.03719899676647735 0.07796059425520355
2 0.2866861051323416 0.41506604613448667 0.01868887219507506 -0.03719899676648311 0.0779605942552019
2 0.2866861051323416 0.41506604613448694 0.018688872195074407 -0.03719899676648542 0.07796059425520477
2 0.2866861051323416 0.4150660461344855 0.01868887219507266 -0.03719899676648496 0.07796059425520724
2 0.2866861051323421 0.4150660461344855 0.018688872195068956 -0.03719899676648081 0.07796059425520437
2 0.28668610513234194 0.41506604613448755 0.018688872195073532 -0.037198996766482195 0.07796059425520334
2 0.2866861051323408 0.415066046134483 0.018688872195070046 -0.037198996766489335 0.07796059425520457
2 0.2866861051323413 0.41506604613448883 0.01868887219507201 -0.037198996766479545 0.07796059425520108
2 0.28668610513234194 0.41506604613448633 0.018688872195073532 -0.037198996766486574 0.07796059425520621
2 0.2866861051323413 0.4150660461344871 0.01868887219507375 -0.037198996766480696 0.07796059425520292
2 0.2866861051323413 0.41506604613448517 0.018688872195076804 -0.03719899676647897 0.07796059425520745
2 0.2866861051323428 0.4150660461344872 0.018688872195070483 -0.037198996766487726 0.07796059425520334
2 0.28668610513234427 0.41506604613448755 0.018688872195069612 -0.03719899676647885 0.07796059425520231
2 0.28668610513234244 0.4150660461344855 0.01868887219507375 -0.03719899676648288 0.07796059425520827
2 0.2866861051323428 0.4150660461344846 0.018688872195073317 -0.0371989967664815 0.07796059425520806
2 0.28668610513234377 0.4150660461344843 0.01868887219507179 -0.03719899676647873 0.077960594255206
2 0.28668610513234194 0.4150660461344887 0.018688872195072228 -0.037198996766482195 0.0779605942552058
2 0.28668610513234144 0.4150660461344855 0.0186888721950707 -0.03719899676648415 0.07796059425520765
2 0.2866861051323436 0.4150660461344868 0.018688872195069612 -0.037198996766487726 0.07796059425520477
2 0.28668610513234144 0.4150660461344849 0.018688872195072443 -0.03719899676647943 0.07796059425520292
2 0.2866861051323413 0.4150660461344871 0.018688872195070046 -0.037198996766480925 0.07796059425520498
2 0.2866861051323401 0.41506604613448667 0.01868887219507288 -0.03719899676648553 0.07796059425520437
2 0.2866861051323431 0.41506604613448606 0.01868887219507201 -0.03719899676647608 0.07796059425520477
2 0.2866861051323411 0.41506604613448916 0.018688872195074188 -0.03719899676647897 0.07796059425520334
2 0.2866861051323421 0.41506604613448533 0.018688872195071135 -0.03719899676647839 0.0779605942552021
2 0.2866861051323396 0.4150660461344843 0.0186888721950731 -0.0371989967664845 0.07796059425520292
2 0.2866861051323413 0.41506604613448445 0.01868887219507397 -0.03719899676648035 0.07796059425520847
2 0.2866861051323411 0.4150660461344865 0.018688872195072443 -0.0371989967664845 0.0779605942552056
2 0.2866861051323423 0.4150660461344858 0.018688872195074188 -0.03719899676648277 0.07796059425520703
2 0.2866861051323398 0.415066046134488 0.0186888721950731 -0.037198996766487955 0.07796059425520457
2 0.28668610513234094 0.4150660461344843 0.018688872195076367 -0.03719899676647839 0.07796059425520437
2 0.28668610513234244 0.4150660461344856 0.018688872195073532 -0.03719899676648623 0.0779605942552058
2 0.28668610513234327 0.41506604613448633 0.01868887219507484 -0.037198996766485186 0.07796059425520642
2 0.2866861051323413 0.4150660461344862 0.018688872195078983 -0.03719899676647724 0.07796059425520252
2 0.2866861051323431 0.41506604613448594 0.01868887219507288 -0.0371989967664777 0.0779605942552056
2 0.2866861051323411 0.41506604613448633 0.018688872195076586 -0.03719899676648047 0.0779605942552058
2 0.28668610513234194 0.4150660461344856 0.01868887219507593 -0.03719899676648035 0.07796059425520663
2 0.2866861051323401 0.41506604613448694 0.01868887219507266 -0.037198996766489224 0.07796059425520355
2 0.2866861051323426 0.41506604613448633 0.01868887219507266 -0.037198996766490605 0.0779605942552056
2 0.28668610513234444 0.415066046134488 0.018688872195070264 -0.037198996766482306 0.07796059425520066
2 0.2866861051323426 0.4150660461344862 0.01868887219507266 -0.03719899676648081 0.07796059425520416
2 0.28668610513234244 0.4150660461344843 0.01868887219507397 -0.03719899676648012 0.07796059425520231
2 0.2866861051323408 0.41506604613448694 0.018688872195073532 -0.037198996766482535 0.07796059425520703
2 0.28668610513234244 0.4150660461344871 0.01868887219507201 -0.03719899676648196 0.0779605942552058
2 0.2866861051323423 0.4150660461344865 0.018688872195074188 -0.03719899676648346 0.07796059425520765
2 0.2866861051323426 0.4150660461344865 0.018688872195075496 -0.03719899676648196 0.07796059425520621
2 0.28668610513234377 0.41506604613448533 0.01868887219507288 -0.037198996766474125 0.07796059425520252
2 0.2866861051323413 0.4150660461344855 0.018688872195073317 -0.03719899676648288 0.07796059425520395
2 0.2866861051323426 0.4150660461344862 0.01868887219507179 -0.037198996766485304 0.07796059425520539
2 0.28668610513234344 0.4150660461344865 0.018688872195070264 -0.03719899676648634 0.07796059425520642
2 0.28668610513234244 0.41506604613448517 0.01868887219507375 -0.037198996766479656 0.07796059425520457
2 0.2866861051323428 0.4150660461344868 0.01868887219507201 -0.03719899676648473 0.07796059425520703
2 0.2866861051323426 0.41506604613448667 0.018688872195070483 -0.03719899676647666 0.07796059425520026
2 0.28668610513234194 0.4150660461344855 0.018688872195069612 -0.03719899676648496 0.07796059425520498
2 0.2866861051323431 0.415066046134488 0.01868887219507179 -0.0371989967664792 0.07796059425520621
2 0.28668610513234244 0.4150660461344856 0.018688872195073532 -0.03719899676648277 0.07796059425520518
2 0.2866861051323413 0.4150660461344849 0.018688872195076586 -0.037198996766480696 0.07796059425520128
2 0.28668610513234194 0.41506604613448633 0.01868887219507615 -0.037198996766483 0.07796059425520374
2 0.2866861051323418 0.4150660461344855 0.018688872195076367 -0.037198996766482535 0.07796059425520518
2 0.28668610513234344 0.41506604613448606 0.01868887219506983 -0.03719899676647873 0.07796059425520539
2 0.2866861051323428 0.4150660461344849 0.018688872195073317 -0.0371989967664845 0.07796059425520355
2 0.28668610513234377 0.41506604613448533 0.018688872195071135 -0.037198996766479656 0.07796059425520498
2 0.2866861051323431 0.41506604613448606 0.018688872195074407 -0.03719899676647643 0.07796059425520457
2 0.2866861051323411 0.41506604613448517 0.018688872195071354 -0.03719899676647873 0.07796059425519984
2 0.2866861051323411 0.4150660461344868 0.0186888721950646 -0.03719899676648415 0.07796059425520355
2 0.2866861051323428 0.4150660461344874 0.01868887219507484 -0.03719899676648138 0.07796059425520437
2 0.28668610513234144 0.41506604613448633 0.01868887219507266 -0.037198996766489564 0.07796059425520682
2 0.2866861051323426 0.4150660461344884 0.0186888721950731 -0.03719899676648346 0.07796059425520827
2 0.28668610513234244 0.4150660461344858 0.01868887219507397 -0.03719899676648335 0.077960594255206
2 0.2866861051323401 0.41506604613448916 0.01868887219507288 -0.03719899676648335 0.07796059425520108
2 0.2866861051323441 0.4150660461344849 0.018688872195076586 -0.03719899676648807 0.07796059425520416
2 0.2866861051323413 0.4150660461344872 0.01868887219507288 -0.03719899676648761 0.0779605942552058
16827 1.1655824188773745e-5 -2.153513114875421e-5 0.029755113284049707
4 0.3248033776356769 0.23847129694167432 1.165582418033615e-5 -2.1535131136652518e-5 0.029755113284064362
4 0.32480337763567657 0.23847129694169844 1.1655824186775368e-5 -2.1535131149087283e-5 0.029755113284062207
4 0.32480337763572054 0.2384712969416953 1.1655824187663536e-5 -2.1535131147532937e-5 0.02975511328406113
4 0.32480337763571876 0.23847129694168534 1.1655824188551704e-5 -2.1535131140538383e-5 0.02975511328406738
4 0.32480337763564787 0.23847129694169722 1.1655824192326418e-5 -2.1535131137984816e-5 0.029755113284062638
4 0.324803377635713 0.23847129694167835 1.1655824187441495e-5 -2.1535131138206864e-5 0.029755113284051646
4 0.324803377635816 0.23847129694171315 1.1655824180114108e-5 -2.1535131139983258e-5 0.029755113284053586
4 0.32480337763579853 0.23847129694169214 1.1655824175007141e-5 -2.1535131146644742e-5 0.029755113284060913
4 0.3248033776357027 0.238471296941696 1.1655824189439873e-5 -2.1535131141537604e-5 0.029755113284065226
4 0.32480337763572326 0.23847129694168254 1.1655824189439873e-5 -2.153513113931711e-5 0.029755113284049707
4 0.32480337763570705 0.238471296941682 1.1655824191882334e-5 -2.1535131130657185e-5 0.029755113284061562
4 0.3248033776356798 0.23847129694167693 1.1655824179892066e-5 -2.1535131143758098e-5 0.029755113284062853
4 0.3248033776356686 0.23847129694167535 1.1655824185443115e-5 -2.1535131141537604e-5 0.02975511328406932
4 0.3248033776357477 0.2384712969416808 1.1655824183444738e-5 -2.1535131146311668e-5 0.029755113284055956
4 0.32480337763576256 0.23847129694168812 1.1655824193436628e-5 -2.1535131140871457e-5 0.029755113284055525
4 0.3248033776356793 0.23847129694169214 1.1655824194546839e-5 -2.1535131147532937e-5 0.029755113284054016
4 0.32480337763564415 0.23847129694168673 1.1655824183444738e-5 -2.1535131146533716e-5 0.02975511328404561
4 0.32480337763561495 0.23847129694166538 1.1655824180114108e-5 -2.1535131146755764e-5 0.02975511328406738
4 0.3248033776355922 0.23847129694168287 1.1655824187441495e-5 -2.153513114353605e-5 0.029755113284056604
4 0.3248033776356326 0.2384712969416855 1.1655824187441495e-5 -2.1535131148865235e-5 0.02975511328404626
4 0.32480337763556105 0.2384712969416925 1.1655824190994166e-5 -2.1535131145534495e-5 0.029755113284055525
4 0.32480337763554085 0.23847129694167413 1.1655824184554947e-5 -2.1535131157636187e-5 0.029755113284062853
4 0.32480337763558365 0.238471296941671 1.1655824183888822e-5 -2.1535131142314777e-5 0.02975511328405682
4 0.3248033776356493 0.23847129694168778 1.1655824188773745e-5 -2.1535131139095063e-5 0.029755113284046043
4 0.32480337763569905 0.23847129694168462 1.1655824186775368e-5 -2.1535131140316332e-5 0.029755113284049492
8 0.32473550567965 0.2384236093134836 9.360816530495612e-7 -5.899875938549094e-9 0.030046831163656237
8 0.32448427008997527 0.23846442188457714 4.3149157485903053e-7 -4.28792037743748e-8 0.03008522196388117
8 0.3243249930165997 0.23847446487857682 1.3035834539254333e-7 -9.230033774707001e-8 0.030090364202910527
8 0.3243152959631708 0.23849458604546203 1.0169562052728392e-7 -1.1512371430470108e-7 0.03009370384711811
8 0.32429203305022763 0.23850040053582283 1.0550768413014681e-7 -1.4217631017346113e-7 0.03009543281403177
8 0.32427058411754317 0.2385023081449864 1.1372814376353977e-7 -1.6351849112734325e-7 0.030096154789261993
8 0.32425417016058233 0.2385030220976531 1.211319762183116e-7 -1.7886925730449357e-7 0.030096456177014026
8 0.32424241161033435 0.23850331480507364 1.2682296030728408e-7 -1.8954704681447451e-7 0.030096587222787304
8 0.32423423858498474 0.23850344460877074 1.309408848885707e-7 -1.968689663009732e-7 0.030096646670634313
8 0.324228645315406 0.23850350678344864 1.338344017091219e-7 -2.0185467758399628e-7 0.030096674762008
8 0.3242248498917712 0.23850353888897954 1.3583494361574084e-7 -2.0523649454381396e-7 0.030096688598531013
8 0.32422228676584497 0.23850355665056813 1.3720479477219791e-7 -2.0752491125038516e-7 0.03009669571419265
8 0.32422056059281534 0.23850356706831485 1.3813711042397844e-7 -2.090708808139194e-7 0.030096699538003063
8 0.32421939990414034 0.23850357346533615 1.387691247772564e-7 -2.101140971016551e-7 0.03009670168255741
8 0.32421862013456804 0.2385035775273903 1.3919643734759225e-7 -2.108173592538546e-7 0.03009670293330887
8 0.32421809651544453 0.23850358016707457 1.394848053035594e-7 -2.1129113603839801e-7 0.030096703687750696
8 0.3242177449791678 0.23850358190876034 1.3967915825458682e-7 -2.1161011494918516e-7 0.03009670415547895
8 0.32421750898985574 0.23850358306892316 1.3981004220662495e-7 -2.1182476640239007e-7 0.0300967044516879
8 0.3242173505674906 0.23850358384624024 1.398981075271126e-7 -2.1196917636144986e-7 0.030096704642265628
8 0.32421724421170955 0.23850358436872826 1.3995736456253722e-7 -2.120663066858432e-7 0.030096704766344004
8 0.32421717280587115 0.2385035847205806 1.3999718048529604e-7 -2.121316055771094e-7 0.030096704847759313
8 0.32421712486158316 0.23850358495772164 1.400239726056197e-7 -2.1217549447894083e-7 0.030096704901533294
8 0.3242170926676266 0.23850358511758277 1.40041977533978e-7 -2.1220500143763889e-7 0.030096704937215203
8 0.3242170710485849 0.2385035852252872 1.4005406586262176e-7 -2.1222482369679403e-7 0.030096704960887944
8 0.3242170565301688 0.23850358529785243 1.4006218292406255e-7 -2.1223813593981838e-7 0.030096704976702377
8 0.32421704677958446 0.23850358534677824 1.4006767475250694e-7 -2.122471137602125e-7 0.030096704987258905
8 0.324217040230899 0.2385035853796731 1.4007134736975796e-7 -2.1225311740351473e-7 0.030096704994299752
8 0.3242170358322915 0.2385035854018585 1.4007380007412042e-7 -2.122571673869459e-7 0.030096704999018786
8 0.3242170328781247 0.23850358541671254 1.40075459191176e-7 -2.122598794403261e-7 0.03009670500217831
8 0.32421703089379705 0.23850358542679678 1.4007656830382226e-7 -2.1226171563857628e-7 0.030096705004291343
8 0.3242170295608927 0.23850358543352715 1.400773110429217e-7 -2.1226292400557278e-7 0.030096705005697444
8 0.32421702866570373 0.23850358543805183 1.400778113093465e-7 -2.1226375600688404e-7 0.03009670500663793
8 0.3242170280643257 0.23850358544113687 1.400781568107034e-7 -2.1226430634455416e-7 0.030096705007285608
8 0.32421702766048854 0.23850358544315411 1.400783788552772e-7 -2.1226466416951093e-7 0.030096705007719764
8 0.3242170273891736 0.2385035854445735 1.40078533176256e-7 -2.122649189657492e-7 0.03009670500800891
8 0.3242170272068679 0.238503585445498 1.4007862865542276e-7 -2.1226509704556014e-7 0.030096705008208213
8 0.32421702708436106 0.23850358544614103 1.4007870881351391e-7 -2.122652044041494e-7 0.030096705008314222
8 0.3242170270020709 0.23850358544652728 1.400787656569248e-7 -2.1226527457025944e-7 0.030096705008410746
8 0.324217026946893 0.23850358544681607 1.4007878208822327e-7 -2.1226533774196296e-7 0.03009670500847194
8 0.3242170269097845 0.23850358544701428 1.4007879097000622e-7 -2.1226536549754446e-7 0.030096705008503612
8 0.3242170268849008 0.23850358544713585 1.40078824942826e-7 -2.122653852595185e-7 0.030096705008513955
8 0.32421702686813536 0.23850358544722172 1.40078838487545e-7 -2.1226540557660417e-7 0.03009670500855877
8 0.32421702685688913 0.23850358544727177 1.4007883471278725e-7 -2.122654253385782e-7 0.030096705008564803
8 0.32421702684934467 0.23850358544730868 1.4007883360256439e-7 -2.1226540502149252e-7 0.030096705008556185
8 0.324217026844237 0.23850358544735048 1.400788333805198e-7 -2.1226540879625163e-7 0.030096705008556615
8 0.3242170268407244 0.23850358544736464 1.4007883759936672e-7 -2.1226543699592244e-7 0.030096705008567173
8 0.3242170268384642 0.23850358544736536 1.4007883759936672e-7 -2.1226544432339596e-7 0.0300967050085829
8 0.3242170268370381 0.23850358544738792 1.4007885713928923e-7 -2.12265428336181e-7 0.030096705008580745
8 0.3242170268360377 0.23850358544739195 1.4007882694122716e-7 -2.122654074639837e-7 0.030096705008583333
8 0.3242170268352951 0.23850358544738914 1.4007884004185703e-7 -2.1226542778106937e-7 0.030096705008584194
8 0.32421702683481246 0.23850358544739927 1.400788511440857e-7 -2.1226544088170384e-7 0.030096705008589148
8 0.3242170268346066 0.23850358544739036 1.400788453709268e-7 -2.122654449895299e-7 0.030096705008577085
8 0.3242170268343236 0.2385035854473972 1.4007885958177954e-7 -2.1226543621876616e-7 0.030096705008605954
8 0.3242170268341232 0.23850358544739106 1.4007884847955082e-7 -2.122654202315512e-7 0.030096705008588288
8 0.32421702683402237 0.2385035854473902 1.4007885336453147e-7 -2.122654342203643e-7 0.030096705008588503
8 0.32421702683397113 0.2385035854473944 1.4007883826550043e-7 -2.122654377730787e-7 0.030096705008588718
8 0.32421702683398107 0.23850358544739508 1.4007884603706051e-7 -2.1226544121477083e-7 0.030096705008583115
8 0.3242170268339249 0.2385035854473998 1.4007884670319425e-7 -2.1226543399831963e-7 0.03009670500859475
8 0.32421702683377895 0.23850358544737707 1.400788411520799e-7 -2.1226544720997643e-7 0.030096705008573206
8 0.3242170268337871 0.23850358544738073 1.4007885736133378e-7 -2.1226543621876616e-7 0.030096705008566094
8 0.32421702683389003 0.23850358544738354 1.4007884692523883e-7 -2.122654338872973e-7 0.030096705008577945
8 0.32421702683390147 0.23850358544739333 1.400788538086206e-7 -2.122654381061457e-7 0.03009670500859755
8 0.3242170268337812 0.23850358544739927 1.4007885025590743e-7 -2.122654398825029e-7 0.03009670500857062
8 0.32421702683382597 0.23850358544738545 1.4007884958977372e-7 -2.1226543011253823e-7 0.030096705008569757
8 0.32421702683389725 0.23850358544737915 1.4007882383260315e-7 -2.1226541945439491e-7 0.03009670500859626
8 0.3242170268338123 0.23850358544740732 1.4007885025590743e-7 -2.122654411037485e-7 0.030096705008583115
8 0.32421702683375664 0.2385035854473795 1.4007884403865936e-7 -2.1226544043761453e-7 0.030096705008592812
8 0.3242170268337871 0.2385035854473601 1.4007884514888223e-7 -2.1226543621876616e-7 0.030096705008576436
8 0.3242170268338398 0.23850358544738565 1.4007883937572332e-7 -2.122654287802703e-7 0.03009670500857665
8 0.324217026833851 0.23850358544739264 1.400788462591051e-7 -2.1226542866924798e-7 0.03009670500856351
8 0.3242170268338767 0.23850358544740102 1.4007883493483183e-7 -2.1226544332419503e-7 0.030096705008580315
8 0.32421702683392234 0.23850358544740138 1.40078836933233e-7 -2.1226543033458286e-7 0.030096705008590012
8 0.32421702683391207 0.23850358544739333 1.40078864022671e-7 -2.1226544643282016e-7 0.030096705008587642
8 0.32421702683391124 0.23850358544739683 1.4007885358657602e-7 -2.122654218968861e-7 0.03009670500858527
8 0.3242170268338258 0.23850358544739858 1.4007885003386285e-7 -2.122654462107755e-7 0.030096705008590657
8 0.32421702683381876 0.23850358544739123 1.4007883981981245e-7 -2.122654343313866e-7 0.030096705008588073
8 0.32421702683385845 0.23850358544738634 1.4007885602906633e-7 -2.1226544476748525e-7 0.03009670500858484
8 0.32421702683385584 0.23850358544739525 1.4007885514088805e-7 -2.1226544998553458e-7 0.030096705008586133
8 0.3242170268336762 0.2385035854473963 1.400788633565373e-7 -2.122654347754759e-7 0.030096705008584194
8 0.32421702683357695 0.2385035854473503 1.4007883893163416e-7 -2.1226544354623966e-7 0.030096705008583333
8 0.3242170268336619 0.23850358544734207 1.4007883915367874e-7 -2.1226544521157456e-7 0.0300967050085829
8 0.32421702683378667 0.23850358544735906 1.4007883537892099e-7 -2.1226544221397176e-7 0.030096705008584624
8 0.3242170268338441 0.23850358544739805 1.4007885447475434e-7 -2.1226542900231496e-7 0.030096705008580315
8 0.32421702683380027 0.23850358544740016 1.400788411520799e-7 -2.1226543910534663e-7 0.030096705008583764
8 0.324217026833909 0.23850358544737602 1.400788487015954e-7 -2.1226543410934196e-7 0.030096705008610048
8 0.3242170268339435 0.23850358544740086 1.400788480354617e-7 -2.122654419919271e-7 0.030096705008570836
8 0.324217026834014 0.23850358544739195 1.4007885225430858e-7 -2.1226544188090478e-7 0.030096705008588933
8 0.3242170268341248 0.23850358544740594 1.4007884847955082e-7 -2.122654377730787e-7 0.03009670500859949
8 0.32421702683402237 0.23850358544742623 1.4007884892363998e-7 -2.122654329991187e-7 0.030096705008576436
8 0.32421702683394366 0.2385035854474222 1.4007885292044231e-7 -2.1226543866125732e-7 0.030096705008567173
8 0.3242170268338281 0.23850358544740802 1.400788435945702e-7 -2.1226544099272617e-7 0.03009670500857299
8 0.3242170268338374 0.238503585447365 1.40078850477952e-7 -2.1226543555263219e-7 0.030096705008591088
8 0.32421702683379483 0.23850358544738948 1.4007884426070394e-7 -2.1226541656781444e-7 0.030096705008576436
8 0.32421702683379966 0.23850358544739228 1.400788564731555e-7 -2.1226543488649824e-7 0.03009670500857924
8 0.32421702683384174 0.23850358544737654 1.4007883449074267e-7 -2.122654197874619e-7 0.030096705008593027
8 0.32421702683390174 0.2385035854473811 1.40078836933233e-7 -2.1226543788410104e-7 0.03009670500858247
8 0.324217026833813 0.23850358544740122 1.4007885025590743e-7 -2.122654343313866e-7 0.030096705008580745
8 0.32421702683382086 0.2385035854473748 1.4007884958977372e-7 -2.122654607547002e-7 0.030096705008582254
8 0.324217026833949 0.23850358544738512 1.4007884337252563e-7 -2.122654411037485e-7 0.030096705008578375
8 0.32421702683398973 0.2385035854474042 1.4007884181821363e-7 -2.122654393273913e-7 0.030096705008583115
16 0.3241142570111745 0.23850687921529468 3.715837013436914e-8 -6.675826558445131e-11 0.03009812901261198
16 0.323914183989089 0.23849846562178603 3.3146136618982966e-8 -4.922158237764669e-10 0.030094135852187943
16 0.3237573965264759 0.2384926743238542 2.3542863159398796e-8 -8.927828480486838e-10 0.030092035249844176
16 0.3236446048629808 0.2384895998552021 1.5887518729854808e-8 -1.2336790485683387e-9 0.030091000616980466
16 0.32357282052033565 0.23848831201233123 1.1072360078564657e-8 -1.6158502327011407e-9 0.030090718485240243
16 0.32352448922579347 0.23848905507076829 8.60597123191765e-9 -1.817204721684888e-9 0.03009061254688317
16 0.32348676301611917 0.23848919883129732 7.494408843183874e-9 -2.214971097879725e-9 0.030090610531124523
16 0.32345755117068686 0.23848925981292166 7.292645571919832e-9 -2.7511073457204723e-9 0.030090600573957755
16 0.32343491289975196 0.23848932519189697 8.01692553570862e-9 -3.521827835568577e-9 0.030090568616991418
16 0.323417397171119 0.23848940543474184 1.0241593964856613e-8 -4.742137582755697e-9 0.030090500820667866
16 0.32340403832451375 0.2384894977320461 1.6303259942391784e-8 -6.931337861045654e-9 0.030090368681577308
16 0.323394488336502 0.2384895942618111 3.8932040610659344e-8 -1.1554237855508066e-8 0.03009010965143106
16 0.323367519563977 0.23849014051755468 2.934671732442477e-7 -2.3788360009438435e-8 0.03008999249756579
16 0.3284554916749585 0.23847674284190243 0.00019659650233905577 -8.952606901324336e-8 0.03008962512942184
16 0.3282341276919089 0.23880645452734736 4.767440143975497e-6 -3.1144644237861725e-8 0.030103859528310028
16 0.326391269428509 0.23859529112771527 1.5380914574997035e-6 -4.387242010444936e-8 0.030113292234032783
16 0.32547191279502763 0.23853736803459297 1.05424971980143e-6 -9.299135616473904e-8 0.03010670594905532
16 0.32927155314408774 0.23832540935400137 1.2194918981271427e-5 -3.2375768737847457e-10 0.030339745852168476
16 0.3270843388843924 0.23854230032681079 3.125985300139847e-6 -2.505249341625169e-10 0.030142101001804998
16 0.3257815204374845 0.23852969634202983 1.1019427807320048e-6 -8.477287764248593e-10 0.030107447927731578
16 0.32859985343635784 0.2384672161826078 5.0112603542516e-6 -1.7437218337434223e-10 0.03021525478383564
16 0.3282762873983066 0.23853609901815725 6.354005772077486e-5 -1.6779599933145497e-10 0.030124725295826313
16 0.3863100681294578 0.2384505617265687 0.004851284301355192 -2.3869795029469352e-12 0.03927028089062765
16 0.3463934976061944 0.2433664632000634 0.00026880848176725764 -7.571721027943854e-14 0.02993613267579558
16 0.3329688124859147 0.23950266457786892 2.8139517547679896e-5 -2.3980817331903668e-14 0.030218821806738405
16 0.32843060266738194 0.23877032378276472 5.9089440340408386e-6 -3.6493030819435555e-13 0.030156538243586533
16 0.32641394327284456 0.23858711919327422 1.8023921128395482e-6 -3.655964420097323e-12 0.030118692938722776
16 0.3253505906714934 0.23852923960697453 6.922974244464897e-7 -1.896949264353027e-11 0.03010264121228103
16 0.3247223726548102 0.23850719951479293 3.1124263985297527e-7 -6.420353138231908e-11 0.03009591363458494
16 0.3243200541323865 0.23849747476658348 1.5704102495436797e-7 -1.5959089606661962e-10 0.030092942055880915
16 0.32404644884624756 0.23849264762155892 8.651950981072725e-8 -3.263381787554496e-10 0.030091539976448232
16 0.3238514111325821 0.2384899020485034 5.3452061125354435e-8 -5.734843712669372e-10 0.030090791351566202
16 0.32370754262303975 0.23848815897287262 3.42329452254493e-8 -7.877778432691003e-10 0.030090343999142625
16 0.323599234424282 0.2384870450362481 2.234378501682084e-8 -1.0682142953676282e-9 0.03009007997394102
16 0.32351861855834096 0.2384863014453978 1.4167317663024093e-8 -1.3949462705790607e-9 0.03008992442091212
16 0.32347369177344887 0.23848616963613856 8.869092088053341e-9 -1.7662613609525685e-9 0.030090084404301453
16 0.3234510591864813 0.23848794446102317 7.195155334521472e-9 -1.972412124464734e-9 0.03009025804343714
16 0.3234323852383739 0.2384886340781944 6.7040905935107895e-9 -2.3940053301764527e-9 0.030090431763447632
16 0.32341683819240824 0.23848898261921186 6.974463648937807e-9 -2.96957947562177e-9 0.030090511626251436
16 0.3234040756599958 0.23848920291870568 8.13383734832806e-9 -3.806112321451821e-9 0.030090521956158127
16 0.323393840243732 0.2384893693563984 1.0962362069076548e-8 -5.149502615367357e-9 0.030090470324349944
16 0.3233860031150223 0.23848951185632342 1.847991431680331e-8 -7.597640656605446e-9 0.030090337062304545
16 0.3233808994139814 0.23848963988226873 4.819117633180075e-8 -1.2876233384716e-8 0.030090060058789045
16 0.3233429442524317 0.2384896193487857 5.608504493468326e-7 -2.6690468636156796e-8 0.030089246556077257
16 0.3288792727990088 0.2388120767265369 1.2991012627014038e-5 -1.1990047829527698e-7 0.030132173324431476
16 0.32888596213451704 0.23860242157469644 8.604251613574894e-6 -2.647429057263694e-9 0.030115979946202787
16 0.32740246274075463 0.23882023697961344 2.4373041130414194e-6 -2.4432789125526762e-11 0.030062501290587573
16 0.32586051199508764 0.23858456856976049 1.008423391258631e-6 -1.15774723148428e-10 0.030102046561896616
16 0.3250202706006972 0.2385226334745434 4.3512392126306173e-7 -3.465140397441453e-10 0.0300983093887617
16 0.3267878785960843 0.23850339574805096 6.142562918650024e-5 -1.1880230140044884e-9 0.030094246641135438
16 0.32756945661909076 0.2388625408609985 2.6970874726386474e-6 -2.856381797759682e-12 0.03006058953098075
16 0.3259289342544542 0.23859381214537698 1.066517347696151e-6 -4.879208148741671e-11 0.030103189433926068
16 0.3250546543143998 0.23852532094472784 4.513118437516861e-7 -1.5538970111847392e-10 0.030099036232607925
16 0.3288907568115811 0.23850436307037085 0.0003038598458509691 -8.002323251692343e-10 0.030094728256448492
16 0.3293432177534074 0.23834997965810162 1.2220931118350006e-5 -6.41708908233361e-14 0.030332818591176307
16 0.3271158747444488 0.2385470977292559 3.1722422270880324e-6 -1.7412737918236115e-12 0.030141522580017344
16 0.3810089564393951 0.23853080070228758 0.005745422821851145 -1.4644618851030285e-11 0.030107557918412884
16 0.34665340521040466 0.24351428488986548 0.00027754776602634864 3.6437519668191e-13 0.029919698594449852
16 0.33304317983347703 0.23952802178787483 2.8698151385331834e-5 -3.108624468950443e-15 0.030219970737891254
16 0.33925869449494206 0.23877606559560086 0.005134484634028005 9.76996261670133e-15 0.03015751720447872
16 0.3464866886970072 0.24339046492693928 0.0003702706042787299 -3.774758283725539e-15 0.03003226243269318
16 0.3330113786846936 0.23951542942102083 3.4499827186018706e-5 -1.337818744673403e-13 0.03022667437142728
16 0.3284480867034672 0.23877410492881132 6.333380977942632e-6 -1.2279066652354986e-13 0.030157719148403497
16 0.3264220883971567 0.23858827755572345 1.836634647292847e-6 -3.3946179200996402e-12 0.030119028759307963
16 0.3253549122736723 0.23852963920757705 6.969300230863012e-7 -1.9298784792640393e-11 0.030102763791156898
16 0.3247249177673686 0.23850735625775563 3.124755363641717e-7 -6.447820055862901e-11 0.030095963255214044
16 0.32432167716878174 0.23849754383582503 1.5752314277969662e-7 -1.5987389191564178e-10 0.030092963722991216
16 0.3240475505979377 0.23849268129240322 8.674067354554511e-8 -3.264001292002439e-10 0.030091550142550164
16 0.3238521972752637 0.23848992003353495 5.3564280686322043e-8 -5.731214393599792e-10 0.030090796352365324
16 0.323708127479761 0.2384881693610809 3.4293624684825716e-8 -7.87197973782882e-10 0.03009034672734289
16 0.32359968343026846 0.23848705156908898 2.237852234017236e-8 -1.0673484324297987e-9 0.03009008157715996
16 0.32351896818923975 0.238486305838534 1.4188599305836797e-8 -1.3937491170899382e-9 0.03008992542410162
16 0.32347395906208043 0.23848617245354786 8.878159723504201e-9 -1.7651536914389443e-9 0.030090084946822093
16 0.3234512620100277 0.23848794564833012 7.19980650282736e-9 -1.971276588352908e-9 0.030090258279792018
16 0.3234325409452127 0.23848863450469127 6.705832533424747e-9 -2.392583689590018e-9 0.0300904318452599
16 0.32341695869584414 0.23848898264535753 6.973757991188277e-9 -2.9677416124213494e-9 0.03009051165623781
16 0.32340416929530386 0.23848920271592844 8.129930251491571e-9 -3.803558697463165e-9 0.030090522003036562
16 0.32339391282296026 0.2384893690120548 1.0952085844873217e-8 -5.145291872480187e-9 0.03009047045765607
16 0.32338605831990513 0.23848951141711403 1.8449668955591128e-8 -7.589772950059392e-9 0.03009033738775432
16 0.3233809376480724 0.23848963937981468 4.8040863243729217e-8 -1.28578639673811e-8 0.030090060792941874
16 0.3233429700413663 0.23848961872974347 5.554260230242705e-7 -2.6651751938608726e-8 0.030089248171480024
16 0.3288731419421302 0.23880958518597664 2.205045486360538e-5 -3.34245349969052e-7 0.030127776122011188
16 0.32672309582661413 0.2386067818991857 1.979014855284659e-6 -4.906282167659169e-8 0.030120546950846015
16 0.32564559347303207 0.23854320976338236 1.1452732982916286e-6 -1.8868116358573287e-8 0.030109066089922584
16 0.32916906601774315 0.23830219886272758 1.2605583403070432e-5 -3.999713124263866e-9 0.030341738369423034
16 0.3270538688759515 0.23853949042717212 3.057971008852542e-6 -3.5808800375763764e-10 0.030141837652976736
16 0.32576629913780497 0.23852907063823156 1.081956396914537e-6 -9.671063954344242e-10 0.030107276871315796
16 0.33022940472679924 0.23856449056767398 3.916329906075193e-6 -1.4566521333087997e-9 0.030151727659863865
16 0.3863116938750495 0.23877569115997183 0.004938712111451113 -1.587341369470416e-11 0.03927841561709841
16 0.34633096832154814 0.24336212696119577 0.0002668267013697102 -3.819167204710612e-14 0.02993550808168132
16 0.3329461929805807 0.23950162388685553 2.7963121573131312e-5 1.1324274851175956e-13 0.030218536816111103
16 0.32841998921507837 0.2387699622841393 5.877165320692971e-6 -1.6753265441595016e-13 0.030156421406686177
16 0.39313650730120675 0.23858697963131706 0.0055575781044149555 -1.2940093441299772e-11 0.052926329317569305
16 0.34662405364814036 0.24350123608090665 0.0002768212377673034 -1.896260926059947e-13 0.029921900691330383
16 0.3330347157562594 0.2395258935018474 2.8649782237598297e-5 5.7731597280507974e-15 0.030219960325246518
16 0.3284557029109783 0.23877559565484757 5.979344594836971e-6 -1.4166445794218002e-13 0.03015744384115873
16 0.3264256472482564 0.23858861528451117 1.8180046904524525e-6 -3.3677505229036206e-12 0.030119074266808963
16 0.32535688561323184 0.23852974659848314 6.969561923570208e-7 -1.9257151429216145e-11 0.030102792389545018
16 0.32472612921120403 0.23850739851799727 3.129467213077714e-7 -6.450140421984517e-11 0.030095976038300828
16 0.3243224758431954 0.2384975630954208 1.5776143967986886e-7 -1.5951617805705043e-10 0.030092969524105923
32 0.32404856203408133 0.23849259627569422 8.4666414958566e-8 -3.7747582837256036e-14 0.030091479483231983
32 0.32385723912713527 0.2384902048113691 4.899028529416419e-8 -9.481304630299286e-14 0.030090796129223822
32 0.32371660703252525 0.23848888855211892 3.018511084380405e-8 -1.0913492332065885e-13 0.030090453090178663
32 0.3236096110081029 0.23848805850594826 1.952549391981701e-8 -5.893063814712068e-13 0.03009026015208637
32 0.323526011760613 0.2384875019929123 1.3169977910327614e-8 -1.0010881013050047e-12 0.030090141810862177
32 0.32345911886865236 0.2384871093084555 9.234561961329426e-9 -1.611932809454564e-12 0.030090064550877933
32 0.32340432378126677 0.2384868148949315 6.7297578394446934e-9 -2.370548202182444e-12 0.030090011240112808
32 0.3233580769574275 0.23848659099049166 5.142686041558466e-9 -3.0957458818695783e-12 0.030089952441744883
32 0.323317030823441 0.23848641811879323 4.2865322310846884e-9 -4.1738834610869865e-12 0.030089838291388806
32 0.32327750179649395 0.2384861170093422 4.275504163783693e-9 -5.820344206614321e-12 0.030089745370402037
32 0.32322399932955487 0.2384853307144855 1.2176080736149297e-8 -1.0302869668574528e-11 0.030089605598666205
32 0.33237199528232836 0.23840721056513214 0.0006693981270537762 -3.572098172874256e-11 0.030046249901778
32 0.33142148740082705 0.2391655664504038 1.8457147781916204e-5 -1.5432100042290867e-13 0.030202242598757364
32 0.3277925993884042 0.2386913520637444 4.313883649157109e-6 -1.8651746813702803e-14 0.030142462649722073
32 0.34545232709303836 0.23856377923277086 0.002732350013879116 -2.5690560789829424e-13 0.030112561445824113
32 0.3413874302709394 0.24212823190872132 0.00014323189630087628 -1.769695501252656e-13 0.030069857649442425
32 0.33113273971254487 0.23928616007187814 1.6514273527779943e-5 -1.0702549957387082e-13 0.03020571466678298
32 0.3275410331481292 0.23871870458387298 3.670853122271586e-6 -2.9343194540847194e-13 0.03014638686585916
32 0.32590879542411977 0.2385711916791523 1.170221464917404e-6 -8.03357380619086e-13 0.030114225608388917
32 0.33031295294135565 0.23852323866263328 0.005576580788661445 -1.5262235919533673e-12 0.03010072097792828
32 0.34736580014097485 0.24323469677432513 0.0018698586818729215 -2.7200464103316704e-14 0.02996674772442587
32 0.3455597920496909 0.24294877455196373 0.0006250580772911777 6.217248937900858e-15 0.030317825900150534
32 0.33275798106696475 0.23945528794895088 5.025442541549142e-5 4.241051954068008e-14 0.03023890388705626
32 0.3283442544565527 0.2387612265028912 7.141680821347242e-6 6.417089082333199e-14 0.03015620235850642
32 0.3421718135800467 0.24165397804649857 0.0001577848081957935 -1.1235457009207215e-13 0.03017493814879543
32 0.3316903109128181 0.2392103723740618 1.980124215634878e-5 8.970602038970862e-14 0.030211964854118926
32 0.32790475335599584 0.23870422917917336 4.556304303797718e-6 1.909583602355251e-14 0.03014582714686782
32 0.3261508894086775 0.23856801472996855 1.4659725281940105e-6 6.550315845288209e-14 0.030113845623415732
32 0.32520143797018153 0.23852252508168806 5.823260949902589e-7 -3.774758283725539e-15 0.03010062283247186
32 0.32463090930357913 0.23850451533933154 2.6734365211787615e-7 -1.3877787807814553e-14 0.030095048936085774
32 0.32426157025396773 0.23849637549730984 1.364425157477881e-7 5.4400928206631194e-14 0.030092557476706847
32 0.34648656915774384 0.24345393078343483 0.00027224878973079134 -5.0848214527833463e-14 0.029925934600832364
32 0.33299385050465063 0.23951788428714252 2.83413055558785e-5 -3.7747582837256036e-14 0.030219345445237963
32 0.3284389707302542 0.23877371054565688 5.9310353437148565e-6 7.993605777300808e-14 0.030157072434437306
32 0.32641756344227923 0.23858805213994178 1.8052109962108284e-6 -4.6629367034256685e-15 0.030118913478250145
32 0.3253530362653778 0.2385295868238101 0.006328306958720819 5.2846615972156057e-14 0.030102721728117662
32 0.3466634358376484 0.24303841754007272 0.0003003209852324105 1.3100631690576762e-14 0.029987477781221034
32 0.33315223271870703 0.23944601519218583 3.1025742735498866e-5 -1.1302070390684732e-13 0.030216875395645278
32 0.3285493247593741 0.2387574077357663 6.415241977250794e-6 -5.306866057708389e-14 0.03015405596249376
32 0.3264936996639354 0.2385835639684775 1.9446249803021586e-6 -1.8873791418627838e-14 0.030117601559493296
32 0.3254067843672305 0.238528207758017 7.436834076575145e-7 -1.3566925360920334e-13 0.030102205164581425
32 0.3247642359288939 0.23850700676179296 3.319341778986733e-7 -2.6290081223127165e-13 0.03009575113682774
32 0.3243532543319604 0.23849764276196397 1.657295749860411e-7 -4.758415883544553e-13 0.030092897138479017
32 0.32407451642415597 0.23849300692941586 9.00139000569814e-8 -5.835332217431525e-13 0.030091546015209927
32 0.3238765577662456 0.23849051645202418 5.235598772912022e-8 -8.267830864386959e-13 0.030090827778686265
32 0.3237309736243048 0.23848903496352208 3.215793757312726e-8 -1.1148859613292036e-12 0.030090476498455605
32 0.32362060128447484 0.2384881356674348 2.06759154325043e-8 -1.95055083196584e-12 0.030090274191113535
32 0.323534280543245 0.23848758880325402 1.3922085609584766e-8 -2.9288793612679144e-12 0.03009009192974187
32 0.32346512247628684 0.23848717006578507 9.847393518756044e-9 -5.337508213202147e-12 0.030089974732165094
32 0.32859582803826626 0.23867679270886102 6.099920380263827e-6 2.551292510588284e-13 0.030159305367954685
32 0.3265662654202742 0.23857704376597683 1.9892380164131227e-6 1.9539925233400847e-13 0.03011765925999972
32 0.3254477445480938 0.23852787357149827 7.626701766138513e-7 -1.3100631690576932e-14 0.030102396419473033
32 0.32478627913595726 0.23850718460817605 3.3823335407801356e-7 2.9709568138964776e-13 0.030095888165625855
32 0.32436549261656683 0.2384977610902969 0.0002692339798208407 -2.1782575743147944e-13 0.030092968447843545
32 0.32942509838570777 0.23833463469812605 1.0132278950641317e-5 6.283862319378189e-14 0.030349797148227064
32 0.32732529850894043 0.23858002732827197 3.3122851068496956e-6 -6.361577931102349e-14 0.03014585361092393
32 0.33310782336365274 0.23900176720820476 3.1979315506453794e-5 -8.848477506262889e-14 0.030355898078392948
32 0.32859590785483067 0.23869648613928485 6.583237734501153e-6 2.4424906541753412e-15 0.03016714994252324
32 0.3831517762670446 0.23857452205067456 0.005509316059706141 -3.197442310920502e-14 0.033014547964752936
32 0.3465965456208289 0.24349009118624598 0.00027608199505707056 -5.77315972805098e-14 0.029923964196920595
32 0.3330256486277212 0.239524051718264 2.8588601550116307e-5 -2.2204460492503377e-14 0.03021997275980998
32 0.3284517002734329 0.23877519104498504 5.96726738957765e-6 8.237854842718322e-14 0.03015738687777494
32 0.32642373649027584 0.23858850252947508 1.8136554504991858e-6 -1.1324274851176661e-14 0.030119038601839836
32 0.32535641786667807 0.2385297473600971 6.940544901649256e-7 1.1657341758563465e-13 0.030102772945299516
32 0.32472726315670486 0.23850749722300335 3.104115433643244e-7 4.352074256530519e-14 0.030095970527086135
32 0.32432552779549845 0.23849776704145334 1.5537607215014138e-7 -7.127631818093759e-14 0.030092977166752848
32 0.3240533713366901 0.23849300863828288 8.471144604472037e-8 -1.8562928971734341e-13 0.030091571234672154
32 0.32955214060343896 0.23838198291034535 1.2931941775067062e-5 2.109423746787775e-14 0.030336913746685915
32 0.3272035646797981 0.23855528771610074 3.3321988388573653e-6 -2.3536728122053596e-14 0.030143371545974323
32 0.3258412782236918 0.23853333944946623 1.1629641541936894e-6 2.4868995751603197e-14 0.030108297298396966
32 0.36120805529198663 0.2385122493566586 0.005920630835914521 -2.4424906541753475e-15 0.030098022694288573
32 0.3465918809447174 0.24345597945109684 0.00027598014422056257 1.5321077739827044e-14 0.0299321735683856
32 0.3330331449691732 0.23951905602416704 2.8666201588326357e-5 7.238654120555758e-14 0.0302204200624298
32 0.32845795039517517 0.23877427275880275 5.9892776708194765e-6 -1.3100631690576932e-14 0.030157337025553406
32 0.3264281702804077 0.23858830567271108 1.820703874636133e-6 -2.4424906541753475e-15 0.030119004776060006
32 0.3253595544240154 0.23852970546319607 6.96855554040643e-7 -2.9087843245179524e-14 0.03010276051675855
32 0.3300846087781628 0.23850748788158452 0.00576901030252459 5.395683899678115e-14 0.030095966264151803
32 0.34626734559577643 0.2433396236468459 0.0002650133747521781 -2.4646951146678778e-14 0.029946092135711304
32 0.3329329758222018 0.23949938558526107 2.7887240786630868e-5 -1.4765966227514692e-14 0.030219589894455282
32 0.328415707102223 0.23876977099283622 5.866760734200551e-6 1.7097434579227266e-14 0.030156554172293716
32 0.32640649515737297 0.23858698123853925 1.7909886254123723e-6 1.443289932012693e-14 0.03011866240239355
32 0.3458311549625482 0.2429175165048949 0.000319109549684597 6.883382752675947e-15 0.03012320005498802
32 0.33285717518765606 0.23944386039210896 3.163082725138146e-5 -4.218847493575684e-14 0.030230713793023684
32 0.32839933683465394 0.2387600181058234 6.1010105993004686e-6 4.3298697960380165e-14 0.030156479280872867
32 0.35764067786492154 0.23858473200863137 0.0057338496071925845 2.8421709430403604e-14 0.030118292599536984
32 0.3465290752460134 0.2434215020999319 0.0003834891790807667 9.925393840148407e-14 0.030029409039418583
32 0.3330231017167028 0.23951987196637567 3.5290881718539166e-5 -7.283063041541292e-14 0.030226511990760967
32 0.32845255541671087 0.23877494479324585 6.388532343209018e-6 8.881784197001213e-15 0.030157793834146296
32 0.3373180334692942 0.23858849154774694 0.0032350650863792645 1.3722356584365993e-13 0.030119065419414108
32 0.34292062821111696 0.2421436065725996 0.0001813602647275925 -1.5765166949677346e-14 0.03008848518121087
32 0.33192907329867183 0.23930180067854886 2.1748245242504804e-5 -3.552713678800507e-15 0.030208773326355055
32 0.32799676954056295 0.23872385353276548 4.80068541378196e-6 8.437694987151153e-15 0.030147951918999372
32 0.3261936825090044 0.23857314494608425 1.5166229264742696e-6 -5.3290705182008934e-14 0.03011497631180177
32 0.32922347825581555 0.2385241141757016 0.005674380458179733 -2.0938806244432643e-13 0.030101089099448367
32 0.34633314398403814 0.24337132311326995 0.00026708360533484084 4.529709940470536e-14 0.02994209685378418
32 0.3329508381300146 0.23950480239389985 2.8014221814444392e-5 -1.4765966227515673e-13 0.030219735788162606
32 0.34633875468793696 0.24331587376646377 0.0002840428711635557 -1.099120794378911e-14 0.029976592568877473
32 0.33297053162527623 0.23949993214354434 2.918092915057418e-5 -6.528111384796134e-14 0.03022241510476707
32 0.32843422344245643 0.23877061216916998 5.9830444855277045e-6 8.659739592076183e-15 0.030157051547311468
32 0.32641655137573644 0.23858737306248123 1.8086042253279103e-6 1.3100631690576762e-14 0.030118813985056715
