2 0.17194811516024577 0.3042343047525006 0.18081513439474087 -0.01030546474934607 0.18406510116094688
2 0.25627247844006823 0.3872920338892207 0.06308288849319697 -0.01587647811009386 0.08759929109226368
2 0.27875816838886247 0.40883701986570903 0.03133401242981569 -0.01734427078639436 0.0689797747787473
2 0.2849131621922953 0.41419033356587953 0.022262206141771563 -0.017892275640240343 0.06765722807459854
2 0.28663581297890645 0.4153514795039935 0.019531257317318796 -0.018118696406864563 0.06929241423564889
2 0.2871100389799414 0.4154771728807962 0.01868620706687247 -0.018222902498924904 0.07083661134138587
2 0.287228397111821 0.41539344244499793 0.018425527607268437 -0.018274316704508034 0.07186085482297865
2 0.28724882317984807 0.41530120790354064 0.018348589150297745 -0.018300600212459238 0.07246785773964803
2 0.287245726124845 0.4152367511465571 0.018328520605425395 -0.01831425279005879 0.07280960872455663
2 0.2872394043913216 0.4151974799722664 0.018325033033556395 -0.018321391229698964 0.07299682360917853
2 0.287234463908353 0.41517500066739466 0.018325679180588215 -0.018325132742253447 0.0730977551625347
2 0.2872313046610978 0.41516255722575146 0.01832689560013996 -0.01832709516494811 0.07315163511267862
2 0.28722944784780297 0.4151558032793961 0.01832784605901398 -0.018328124474864132 0.07318021671815458
2 0.2872284034617136 0.41515218178055485 0.0183284560573507 -0.01832866424708895 0.07319531587626193
2 0.28722783080661785 0.4151502549884345 0.018328815796960964 -0.018328947234747917 0.07320327064212222
2 0.287227521692932 0.41514923506775714 0.01832901867256085 -0.01832909556436279 0.07320745378133915
2 0.2872273564983395 0.4151486970129109 0.018329130129978367 -0.018329173298252146 0.07320965081458787
4 0.31292413606164293 0.39638567419391707 0.003612281093772525 -6.661338147750941e-16 0.08361762907848068
4 0.31797986935568884 0.3777876095191081 0.0013836006092078329 -0.00021157904631505296 0.09831257894429296
4 0.31928947805535407 0.36615931624992143 0.0010096707983660762 -0.0005238442635645983 0.10744062429302227
4 0.3196740465789902 0.35933225497625954 0.000993659520322894 -0.0007604704538788774 0.11254511890493975
4 0.31979686935088486 0.3553876414930121 0.0010366084541258134 -0.0009145371245330165 0.11529572297985093
4 0.31983934921360635 0.3531206846729804 0.0010763690188798929 -0.001009124454419682 0.11673485887091087
4 0.31985565120685266 0.35182143606038685 0.0011037889284705804 -0.001065568090134238 0.11745625757653749
4 0.31986289138329693 0.3510785386335545 0.0011209318805570992 -0.0010987385488911868 0.11779039653155636
4 0.3198667195731144 0.35065490897531115 0.001131172429118372 -0.0011180639305631407 0.11791989932362937
4 0.3198690905477777 0.35041420011711494 0.001137135087696475 -0.0011292672322575715 0.1179450928394528
4 0.319870728880065 0.35027810083607513 0.0011405472423886532 -0.001135743814548924 0.11792053833445248
4 0.3198719339654919 0.35020168461709394 0.00114247148150175 -0.0011394823990260878 0.11787537293561513
4 0.319872849568616 0.35015921046528176 0.001143539888719105 -0.0011416392003054069 0.11782467014507347
4 0.31987355686656305 0.3501359534465823 0.0011441214577097164 -0.0011428835158137352 0.11777579649451259
4 0.3198741081692757 0.3501235081053933 0.0011444290571538053 -0.0011436018067953761 0.11773196515639
4 0.31987454018767847 0.35011709023319704 0.001144584420376392 -0.0011440169049151778 0.11769421360157446
4 0.31987487994793856 0.3501139877564226 0.0011446566197491975 -0.001144257200218059 0.11766249422619535
4 0.31987514786183247 0.35011267204605684 0.0011446845142748954 -0.001144396648052889 0.11763626656076738
8 0.32148667602063413 0.35392215902754026 0.00028604886286836287 4.884981308350677e-15 0.11571695331605625
8 0.32194748814773533 0.3516583665057379 0.00016433928468995623 -1.1298005801409736e-5 0.11729804801772636
8 0.32218608017437655 0.3487104787490573 0.00012258003589349194 -2.8145497135654653e-5 0.11946217014273647
8 0.3223262548622824 0.3460312899903877 0.00010583827685709108 -4.382704966411317e-5 0.12148148017218813
8 0.3224126337750293 0.34378181576420574 0.0001003080693132686 -5.77940250774967e-5 0.12319052796777477
8 0.322467418457094 0.3419357553202745 0.00010026498023744394 -7.009482025102212e-5 0.12459131866207838
8 0.32250291485403815 0.34042807820197557 0.00010287364442735342 -8.084593407152849e-5 0.12572881972773872
8 0.32252630213116396 0.3391947545670164 0.00010664751185528984 -9.018171948396505e-5 0.1266520897698193
8 0.3225419169823311 0.3381820089671556 0.00011079565224079304 -9.824440615014091e-5 0.12740362461488508
8 0.3225524526185555 0.33734683133642396 0.00011490184906444812 -0.00010517703735863795 0.12801772979289439
8 0.3225596203014863 0.3366552918556332 0.00011875643891276673 -0.00011111753084090864 0.1285214715215619
8 0.32256452820690024 0.3360806245260583 0.00012226480750058256 -0.0001161944857952032 0.12893611092610005
8 0.32256790535011054 0.33560159845351545 0.00012539627283214227 -0.00012052480475114907 0.1292784056240919
8 0.32257023760133147 0.3352012484274189 0.00012815499984875648 -0.0001242127797166361 0.1295616491955931
8 0.32257185227958973 0.3348659140166627 0.00013056326792798502 -0.00012735018592423703 0.12979646509321252
8 0.322572971848636 0.33458451681146667 0.00013265181565081196 -0.00013001698581416085 0.12999140461236774
8 0.32257374860154636 0.3343480146540303 0.00013445430852889503 -0.00013228234976802943 0.13015339711533191
8 0.32257428740347194 0.33414898597943005 0.00013600423561377245 -0.00013420580117493798 0.1302880910488476
8 0.3225746607963166 0.33398130995344605 0.00013733324643343942 -0.00013583836735910141 0.13040011454190711
8 0.32257491914078923 0.3338399176807233 0.0001384703409685623 -0.00013722367052128635 0.13049327653505294
8 0.32257509748963803 0.33372059668823034 0.00013944156124525494 -0.00013839892559758263 0.130570723576561
8 0.3225752202827049 0.33361983580294324 0.000140269971604814 -0.0001393958330907826 0.1306350632400072
8 0.3225753045750982 0.3335347010106374 0.00014097579826883395 -0.00014024136509892195 0.13068846214173238
8 0.32257536226918054 0.33346273534061327 0.00014157665038642823 -0.0001409584509556 0.13073272442380476
8 0.32257540166488907 0.33340187757525414 0.00014208777509368194 -0.00014156657035599803 0.13076935505706186
8 0.3225754285404602 0.3333503958510162 0.0001425223193474416 -0.00014208226401592858 0.1307996112339014
16 0.3227756572369455 0.33383322519621716 3.5145411804682466e-5 1.7763568394002489e-15 0.1304949204567507
16 0.32283463851001787 0.3343521345294725 2.0117476219898507e-5 -6.750265119218958e-7 0.13021810043157855
16 0.3228686976704463 0.3344810726712297 1.4831293958355037e-5 -1.2917642915278561e-6 0.13015751166286746
16 0.32289248376969654 0.33434710173225884 1.2448759075029133e-5 -2.0440885685611793e-6 0.1302544800487415
16 0.32291063370612916 0.33406702660582704 1.1217229118778723e-5 -2.8285008848041527e-6 0.13044890344410598
16 0.3229251054335078 0.33371525227916243 1.0541573394281562e-5 -3.604902295523183e-6 0.13069424734443105
16 0.32293691785348794 0.3333354564806218 1.0178739292007203e-5 -4.356167393699568e-6 0.13096032440485708
16 0.32294669293781375 0.3329524121057799 1.0013736347060924e-5 -5.075763515686276e-6 0.13122898445826903
16 0.3229548552887773 0.3325797346002083 9.98410732565464e-6 -5.762648741280063e-6 0.13148989665738978
16 0.3229617160339858 0.3322245200766235 1.0051646448583522e-5 -6.418065582205878e-6 0.13173757578876616
16 0.3229675130889935 0.3318900708631012 1.0190676911221304e-5 -7.0440259501358515e-6 0.1319694614579676
16 0.3229724331515563 0.33157749660715846 1.0382758370703088e-5 -7.642574686977447e-6 0.13218472151067925
16 0.32297662516519954 0.3312866603376927 1.0614054713250385e-5 -8.215512664393542e-6 0.13238351672520163
16 0.32298020931430205 0.33101674037257645 1.087389759735476e-5 -8.764330378239282e-6 0.13256655288688496
16 0.3229832834114579 0.33076656475486454 1.115392582304989e-5 -9.290236178757445e-6 0.13273481010729737
16 0.3229859276175557 0.33053480954774467 1.1447525900288877e-5 -9.79421520939348e-6 0.13288938129709094
16 0.3229882080216891 0.3303201149628877 1.1749443337400385e-5 -1.0277090381283022e-5 0.13303137776251542
16 0.32299017940345887 0.33012115161655936 1.2055498431587576e-5 -1.0739574937627148e-5 0.13316187599063373
16 0.3229918873905208 0.3299366564674483 1.236237136570651e-5 -1.1182311926256975e-5 0.13328188956768225
16 0.32299337015970425 0.3297654503889211 1.2667435099282174e-5 -1.160590351934015e-5 0.13339235627593163
16 0.322994659788261 0.329606444734371 1.2968623970920018e-5 -1.2010929905399118e-5 0.1334941341913185
16 0.32299578333439144 0.3294586414443198 1.3264328205848338e-5 -1.2397961758890625e-5 0.13358800295827966
16 0.3229967637062908 0.32932112950837217 1.3553309580875572e-5 -1.2767567248565446e-5 0.13367466788473903
16 0.3229976203651577 0.3291930795160354 1.383463297546836e-5 -1.3120315305569304e-5 0.13375476542039685
16 0.32299836989667463 0.329073737353693 1.4107610281129394e-5 -1.3456776792871412e-5 0.1338288691560885
16 0.32299902647855167 0.3289624176821162 1.4371754903377807e-5 -1.377752383703187e-5 0.1338974958412021
16 0.32299960226339364 0.3288584975631201 1.4626744087453728e-5 -1.4083128825566738e-5 0.13396111113718429
16 0.3230001076952002 0.3287614104370811 1.4872389285329042e-5 -1.4374161630485509e-5 0.13402013496451054
16 0.3230005517714943 0.32867064055172257 1.5108609193938127e-5 -1.4651188789845223e-5 0.13407494638135234
16 0.3230009422611796 0.32858571787817087 1.5335410242501995e-5 -1.4914769617385143e-5 0.134125887983441
16 0.3230012858860872 0.3285062135152516 1.5552868360404283e-5 -1.516545634188608e-5 0.13417326983892727
16 0.32300158847392096 0.32843173555931404 1.5761115508106074e-5 -1.5403790582520007e-5 0.1342173729915865
16 0.3230018550861105 0.32836192540844034 1.5960327204162646e-5 -1.5630302429933423e-5 0.13425845256745933
16 0.32300209012670883 0.32829645446255973 1.6150712830439095e-5 -1.5845509991192894e-5 0.13429674052606144
16 0.3230022974327753 0.3282350211817692 1.6332508117340418e-5 -1.604991689633267e-5 0.13433244809326977
16 0.32300248035333873 0.328177348465801 1.6505967276674385e-5 -1.624401133337289e-5 0.1343657679129323
16 0.3230026418151746 0.3281231813185307 1.6671359010693034e-5 -1.642826752476207e-5 0.13439687594991545
16 0.3230027843789492 0.3280722847667398 1.682896068441749e-5 -1.6603143595763193e-5 0.13442593317440396
16 0.323002910288428 0.3280244420033213 1.6979054868476985e-5 -1.676908057395605e-5 0.13445308705427814
16 0.3230030215113968 0.32797945272888784 1.7121927050995896e-5 -1.6926504302017494e-5 0.13447847287853532
16 0.32300311977551666 0.3279371316685528 1.7257861817623102e-5 -1.707582360710466e-5 0.13450221493340409
16 0.323003206599129 0.3278973072451417 1.738714197848859e-5 -1.721743254382977e-5 0.13452442754704094
16 0.3230032833178987 0.32785982038779476 1.751004657496434e-5 -1.7351707130549672e-5 0.13454521602182512
16 0.3230033511075542 0.3278245234625838 1.76268490796011e-5 -1.7479008644080206e-5 0.13456467746536277
32 0.3230251520707924 0.32798899250667296 2.8093349941830278e-6 -1.8207657603852735e-14 0.13470200353546052
32 0.3230298943782799 0.3279769383554596 1.65782120747136e-6 -2.4794037797155858e-8 0.13479662372001638
32 0.32303279522617634 0.3279204646193831 1.285918483129973e-6 -7.893098175702771e-8 0.13488211026698393
32 0.3230349696364777 0.327857611886552 1.1190087424093295e-6 -1.364683511610213e-7 0.13496299490054564
32 0.32303674721407805 0.32779502361310137 1.0292168707728613e-6 -1.9211370929832394e-7 0.1350401388427825
32 0.32303826312126066 0.327732563465853 9.770483247747299e-7 -2.4448037796255026e-7 0.1351143378308646
32 0.323039587617267 0.3276694342736729 9.474075086283532e-7 -2.9481244239487765e-7 0.1351858007071018
32 0.3230407644005001 0.32760544080081905 9.323395954400056e-7 -3.4349653303723143e-7 0.13525446221499193
32 0.32304182278104826 0.327540626816353 9.270601630165445e-7 -3.907119554003756e-7 0.13532042073322004
32 0.32304278335962877 0.3274751923579386 9.285726672894775e-7 -4.36540544628301e-7 0.13538385165059502
32 0.32304366117641903 0.32740940797155366 9.349382338718681e-7 -4.810688815366053e-7 0.13544494107230035
32 0.3230444675870753 0.32734356650646446 9.448689223576008e-7 -5.24386805689943e-7 0.1355038498922632
32 0.3230452114265269 0.32727795102251434 9.574852085856247e-7 -5.665840180062212e-7 0.135560708332406
32 0.3230458997556835 0.3272128184293053 9.72171652687459e-7 -6.077454258095986e-7 0.13561562003379174
32 0.3230465383532938 0.3271483920080578 9.884867486214085e-7 -6.479479177396014e-7 0.1356686688420841
32 0.32304713204870117 0.3270848596399605 1.0061056293904453e-6 -6.872597654491046e-7 0.13571992488892137
32 0.3230476849505682 0.3270223750892644 1.0247834827839846e-6 -7.257407385101318e-7 0.13576944928736448
32 0.3230482006082625 0.3269610608780986 1.0443306029121585e-6 -7.634431784422412e-7 0.13581729745644522
32 0.32304868212687293 0.32690101181755543 1.0645974135319369e-6 -8.004123316668244e-7 0.13586352134954144
32 0.3230491322517253 0.32684229867988546 1.085462079745273e-6 -8.366871163371105e-7 0.1359081708738959
32 0.32304955343078967 0.3267849717218759 1.1068240593848325e-6 -8.723017054051086e-7 0.13595129474037426
32 0.3230499478622178 0.3267290639165209 1.1285991343258183e-6 -9.072858506949103e-7 0.13599294092775274
32 0.3230503175320154 0.32667459383331604 1.1507137114943432e-6 -9.416649787140463e-7 0.1360331568947979
32 0.3230506642416863 0.3266215681562114 1.1731052465271639e-6 -9.754617620637746e-7 0.13607198963398723
32 0.3230509896326871 0.32656998385473907 1.1957179436599789e-6 -1.0086957766012567e-6 0.1361094856318514
32 0.32305129520508064 0.3265198300361854 1.2185022665631444e-6 -1.0413844782141553e-6 0.1361456907789469
32 0.3230515823330647 0.3264710895140286 1.2414143741264249e-6 -1.0735433047387685e-6 0.13618065025838727
32 0.3230518522792109 0.3264237401271922 1.2644139297691095e-6 -1.1051849802931017e-6 0.1362144084303799
32 0.32305210620472236 0.3263777558435028 1.287465384411729e-6 -1.1363219182458078e-6 0.13624700872404477
32 0.32305234518011605 0.32633310767929524 1.3105359416614394e-6 -1.1669649957504712e-6 0.136278493540867
32 0.3230525701935708 0.3262897644612403 1.333595899093818e-6 -1.1971232560941649e-6 0.13630890417573346
32 0.3230527821582362 0.3262476934559244 1.356618213933852e-6 -1.226805447135057e-6 0.13633828075314558
32 0.3230529819192953 0.3262068608866201 1.3795779779208575e-6 -1.2560191300141618e-6 0.13636666217950935
32 0.3230531702595053 0.3261672323577541 1.4024527719129596e-6 -1.284771983890901e-6 0.1363940861108588
32 0.32305334790471985 0.32612877319788663 1.425221894726976e-6 -1.3130701246191307e-6 0.13642058893325879
32 0.32305351552863204 0.3260914487399366 1.4478666489091942e-6 -1.3409194854220922e-6 0.13644620575633334
32 0.3230536737570862 0.3260552245443474 1.4703698737760044e-6 -1.368325995194422e-6 0.13647097041401127
32 0.3230538231717376 0.3260200665774966 1.492715892567165e-6 -1.395294868624532e-6 0.13649491547708406
32 0.3230539643139899 0.32598594135256037 1.514890511113348e-6 -1.4218312533444094e-6 0.13651807226963109
32 0.3230540976877677 0.3259528160377584 1.536880975869583e-6 -1.4479398718821419e-6 0.13654047089295415
32 0.32305422376269555 0.3259206585396411 1.5586755133952832e-6 -1.47362539303199e-6 0.13656214025447883
32 0.32305434297662744 0.3258894375649508 1.5802636483214865e-6 -1.4988923974373943e-6 0.1365831080971308
32 0.3230544557380383 0.3258591226638509 1.6016360021786032e-6 -1.5237453952435183e-6 0.13660340103574223
32 0.32305456242850034 0.3258296842601047 1.6227838259931428e-6 -1.5481885993893284e-6 0.13662304459036548
32 0.3230546634042204 0.32580109366726573 1.6436997912092108e-6 -1.5722263407205802e-6 0.13664206322561656
32 0.32305475899822467 0.32577332309884915 1.6643771148340542e-6 -1.5958629446438415e-6 0.1366604803865155
32 0.32305484952210894 0.3257463456657955 1.6848097281916036e-6 -1.619102507860261e-6 0.13667831853845056
32 0.3230549352674432 0.3257201353717284 1.704992717902219e-6 -1.6419495697184923e-6 0.13669559920377247
32 0.3230550165072276 0.3256946671032573 1.7249211610385707e-6 -1.664408107017126e-6 0.13671234299975735
32 0.32305509349733647 0.32566991661212186 1.7445913163928552e-6 -1.6864824340639344e-6 0.1367285696765268
32 0.32305516647728466 0.3256458604991674 1.7640002037028842e-6 -1.70817690136085e-6 0.1367442981520533
32 0.32305523567228683 0.32562247619252654 1.7831446404242232e-6 -1.729495639919147e-6 0.1367595465487457
32 0.32305530129300986 0.3255997419275413 1.8020226923449923e-6 -1.7504429641600435e-6 0.13677433222795735
32 0.3230553635377057 0.3255776367214921 1.8206324467915334e-6 -1.7710234776081237e-6 0.13678867182130747
32 0.3230554225925307 0.32555614035057423 1.838972327709118e-6 -1.7912411861546329e-6 0.13680258126538103
32 0.3230554786320671 0.32553523332453205 1.857041877701558e-6 -1.8111005890755444e-6 0.13681607583207947
32 0.32305553182079677 0.3255148968629471 1.8748404608489509e-6 -1.8306062229511384e-6 0.13682917015782486
32 0.32305558231339354 0.3254951128696845 1.8923677467640188e-6 -1.849762525774442e-6 0.13684187827208377
32 0.32305563025549594 0.3254758639084806 1.9096238122883134e-6 -1.8685737182681384e-6 0.13685421362599898
32 0.32305567578344896 0.3254571331785814 1.9266092498497395e-6 -1.8870443659915118e-6 0.13686618911793078
32 0.32305571902670305 0.3254389044912582 1.9433247025020145e-6 -1.9051789987552847e-6 0.13687781711876434
32 0.3230557601065914 0.3254211622461886 1.9597710380072913e-6 -1.922982419153172e-6 0.13688910949593436
32 0.3230557991375553 0.3254038914090223 1.9759496152891462e-6 -1.9404586206474514e-6 0.1369000776365736
32 0.3230558362274745 0.32538707748922024 1.991861780614332e-6 -1.9576120084835318e-6 0.13691073246925975
32 0.3230558714782351 0.3253707065186646 2.0075091042918607e-6 -1.974448121114316e-6 0.13692108448480783
32 0.3230559049858621 0.32535476503103855 2.0228933689046467e-6 -1.9909706053916317e-6 0.13693114375671872
32 0.3230559368409239 0.3253392400419894 2.0380166021720304e-6 -2.0071841119224956e-6 0.13694091995932858
32 0.32305596712905466 0.3253241190296468 2.0528809041994166e-6 -2.023093243019716e-6 0.13695042238682045
32 0.32305599593110207 0.3253093899162773 2.067488395297901e-6 -2.038702609656432e-6 0.13695965996962423
32 0.32305602332336625 0.3252950410503526 2.081841508638453e-6 -2.0540165918794797e-6 0.13696864129130285
32 0.3230560493779957 0.3252810611897107 2.0959426167736567e-6 -2.0690396098153616e-6 0.1369773746038573
