2 0.8521580972906487 0.07629656349116383 -0.00027388467368066855
2 0.9228737654637154 0.00390451116219724 -4.6412502837670466e-9
2 0.9274688968487693 0.0006641777353061227 -1.1728574839813911e-5
2 0.928401965090516 0.0003009335714896387 -5.103992774432341e-5
2 0.92873440365628 0.0002239379487673565 -9.860294594340148e-5
2 0.9288744180453888 0.00021283043704967898 -0.00014165672495680996
2 0.928937927860603 0.00022043236997644939 -0.0001767366674681699
2 0.9289679067872614 0.00023238583076419845 -0.00020408667770091012
2 0.9289823117646169 0.00024401471674316905 -0.00022497927951266027
2 0.9289892224976157 0.00025393726156618427 -0.0002407779372149744
2 0.9289924585127656 0.0002619418785782459 -0.00025266115554599297
2 0.9289938849104498 0.00026821546307005504 -0.00026157323662899344
2 0.9289944301618136 0.0002730517223355379 -0.00026824594299657575
2 0.9289945601255528 0.0002767422803818128 -0.00027323708516506745
2 0.9289945076936447 0.0002795401447391377 -0.0002769682114459484
2 0.9289943872478005 0.0002816519538280153 -0.00027975637854658404
2 0.9289942528171397 0.0002832411266076495 -0.00028183940205012955
2 0.928994127970683 0.0002844344738179255 -0.0002833953727299296
2 0.9289940212459089 0.00028532923293318323 -0.0002845575242224995
2 0.9289939340839765 0.00028599938298396024 -0.0002854254699053352
2 0.9289938648585923 0.00028650090916808465 -0.00028607365688091893
2 0.928993810868564 0.00028687602292145996 -0.00028655770933674294
2 0.9289937692761266 0.00028715646734131593 -0.0002869191802219389
2 0.9289937375080646 0.00028736606844935344 -0.0002871891071103744
2 0.9289937133910751 0.000287522685426029 -0.0002873906711342604
2 0.9289936951624976 0.00028763969159758114 -0.0002875411846737937
2 0.9289936814284093 0.0002877270938719719 -0.00028765357654452747
2 0.928993671104714 0.0002877923760980463 -0.00028773750164877665
2 0.9289936633578483 0.00028784113301247094 -0.0002878001698345306
2 0.92899365755198 0.00028787754583312015 -0.00028784696501229704
2 0.9289936532048695 0.000287904738707983 -0.00028788190750704914
2 0.9289936499522493 0.00028792504559398157 -0.00028790799944809954
2 0.9289936475198212 0.0002879402098580844 -0.0002879274825444439
2 0.9289936457014616 0.00028795153368134835 -0.0002879420307476556
2 0.9289936443425332 0.0002879599895545784 -0.0002879528940087129
2 0.9289936433271773 0.0002879663037824042 -0.00028796100570049226
2 0.9289936425686477 0.0002879710187653148 -0.0002879670627497107
2 0.9289936420020541 0.0002879745395183879 -0.0002879715856011007
2 0.9289936415788596 0.000287977168520267 -0.00028797496284844396
2 0.9289936412627984 0.0002879791316320731 -0.0002879774846638996
2 0.9289936410267575 0.00028798059751228115 -0.0002879793677159146
2 0.9289936408504849 0.0002879816921005162 -0.00028798077380612813
2 0.9289936407188533 0.000287982509438002 -0.00028798182375082204
2 0.9289936406205546 0.00028798311975209757 -0.0002879826077418399
2 0.9289936405471497 0.0002879835754739714 -0.0002879831931569231
2 0.9289936404923365 0.0002879839157718907 -0.00028798363028811235
2 0.9289936404514111 0.0002879841698729403 -0.00028798395670329337
2 0.9289936404208451 0.0002879843596160225 -0.00028798420043512057
2 0.9289936403980242 0.0002879845012951843 -0.00028798438243031894
2 0.9289936403809816 0.0002879846070869534 -0.00028798451833876863
4 0.9294522324454382 2.705169651837808e-5 -4.916011052501758e-8
4 0.9295007969340917 1.890681348581069e-5 -2.846461432001224e-7
4 0.9295346186165278 1.4433052057857794e-5 -6.485531473320318e-7
4 0.9295596078441328 1.1592204704758056e-5 -1.0644547030329537e-6
4 0.9295785910744924 9.701954192274428e-6 -1.4953499585652338e-6
4 0.9295932807477175 8.42976818358713e-6 -1.925591339590513e-6
4 0.929604817139451 7.578959924506931e-6 -2.3486936455114548e-6
4 0.9296139925998369 7.022643948260048e-6 -2.7618012158760475e-6
4 0.9296213718841962 6.675364874966151e-6 -3.1634528816969615e-6
4 0.9296273653173824 6.478038621094295e-6 -3.5527526442534143e-6
4 0.9296322759393266 6.389023440787145e-6 -3.929085705477912e-6
4 0.9296363308633094 6.378511696470581e-6 -4.292027533597077e-6
4 0.9296397025916376 6.424885435765627e-6 -4.641313099899583e-6
4 0.9296425237631886 6.512290155832505e-6 -4.9768203978294194e-6
4 0.9296448975185303 6.628988198998052e-6 -5.298554765043792e-6
4 0.9296469048915702 6.766221996336833e-6 -5.606631703161448e-6
4 0.9296486101529995 6.917417315541531e-6 -5.901258889207355e-6
4 0.9296500647225666 7.077616784665984e-6 -6.182718477440959e-6
4 0.9296513100681237 7.243072015624749e-6 -6.45135093780761e-6
4 0.9296523798779172 7.410946329958203e-6 -6.707540561806659e-6
4 0.9296533017056661 7.57909574749622e-6 -6.951702910566126e-6
4 0.9296540982284459 7.745905973473132e-6 -7.184274488573446e-6
4 0.9296547882175181 7.910170018718043e-6 -7.40570399480526e-6
4 0.929655387293959 8.070995429584895e-6 -7.616445416162629e-6
4 0.9296559085216369 8.227733617891834e-6 -7.816952360138592e-6
4 0.9296563628758522 8.379925471997428e-6 -8.007673788260088e-6
4 0.9296567596166346 8.527259336159863e-6 -8.189050599743104e-6
4 0.9296571065875984 8.669538360810561e-6 -8.36151305159597e-6
4 0.9296574104572309 8.80665500841113e-6 -8.52547899862988e-6
4 0.9296576769143795 8.938571055337837e-6 -8.681352498626483e-6
4 0.9296579108277147 9.06530181392961e-6 -8.829523019586805e-6
4 0.9296581163764954 9.186903710948354e-6 -8.970364816848374e-6
4 0.9296582971581744 9.303464467058371e-6 -9.104236796154055e-6
4 0.9296584562775555 9.415095240059453e-6 -9.231482395930825e-6
4 0.9296585964207545 9.521924540248373e-6 -9.352429814187757e-6
4 0.9296587199170093 9.62409312676933e-6 -9.467392177462627e-6
4 0.9296588287904263 9.721750301059484e-6 -9.576667952024093e-6
4 0.929658924803469 9.815050691233044e-6 -9.68054139493382e-6
4 0.9296590094936762 9.904151789191143e-6 -9.779282963366154e-6
4 0.9296590842046994 9.989212132100084e-6 -9.873149856602926e-6
4 0.9296591501127074 1.0070389658395723e-5 -9.962386584342861e-6
4 0.9296592082488362 1.0147840675070989e-5 -1.00472253873517e-5
4 0.9296592595183586 1.0221718726598845e-5 -1.0127886869835677e-5
4 0.9296593047171435 1.0292174130648473e-5 -1.0204580545329346e-5
4 0.9296593445457291 1.035935337657912e-5 -1.027750526112518e-5
4 0.9296593796214541 1.0423398707340725e-5 -1.034684977691601e-5
4 0.9296594104889665 1.0484447890110237e-5 -1.0412793262724613e-5
4 0.9296594376292051 1.0542634076188602e-5 -1.0475505737880909e-5
4 0.9296594614673127 1.0598085660897418e-5 -1.05351485317607e-5
4 0.9296594823793828 1.0650926279809194e-5 -1.05918747771662e-5
8 0.9296765412645335 1.0352643255068625e-6 -1.7994278305824438e-9
8 0.9296784086028793 7.409730515093596e-7 -1.0387168845705577e-8
8 0.9296797528020734 5.947424842603496e-7 -2.356799594388796e-8
8 0.9296808112383437 5.100785050174843e-7 -3.854948079558332e-8
8 0.9296816876982482 4.5669906530608817e-7 -5.399856108165806e-8
8 0.9296824372004686 4.21377042186476e-7 -6.933129255682112e-8
8 0.9296830926952675 3.973416816649135e-7 -8.429558140415125e-8
8 0.9296836754905905 3.8073162924296375e-7 -9.879131834299344e-8
8 0.9296842000900385 3.691884527155835e-7 -1.1278974235614053e-7
8 0.9296846767551692 3.612067418960905e-7 -1.2629518962132268e-7
8 0.9296851129894059 3.5579561562381216e-7 -1.3932666369770399e-7
8 0.9296855144471088 3.522868227219449e-7 -1.5190885559750595e-7
8 0.9296858855111074 3.502198768341011e-7 -1.6406796812576184e-7
8 0.929686229668892 3.49271017952537e-7 -1.758299600622754e-7
8 0.9296865497627259 3.492078782589098e-7 -1.8721963155960067e-7
8 0.9296868481587244 3.498602151041439e-7 -1.9826044350955643e-7
8 0.9296871268632415 3.5110081540259196e-7 -2.0897439752793098e-7
8 0.9296873876043761 3.5283234326930845e-7 -2.193819696739982e-7
8 0.9296876318901102 3.5497901734747663e-7 -2.29502314398387e-7
8 0.9296878610505135 3.5748056342592006e-7 -2.393531873824372e-7
8 0.9296880762690075 3.6028802445898776e-7 -2.489508441746915e-7
8 0.929688278606159 3.6336103008506235e-7 -2.5831059130563094e-7
8 0.9296884690179312 3.6666568054224777e-7 -2.674463227693551e-7
8 0.929688648370006 3.701731209204746e-7 -2.763708040186116e-7
8 0.9296888174495028 3.7385843604589466e-7 -2.8509584760204953e-7
8 0.929688976974361 3.776999494863068e-7 -2.936320850132542e-7
8 0.9296891276012178 3.8167857584726846e-7 -3.0198943864662494e-7
8 0.9296892699320173 3.8577736313831987e-7 -3.1017684313126096e-7
8 0.9296894045196747 3.8998120122851114e-7 -3.1820267432121775e-7
8 0.929689531873026 3.9427647168217775e-7 -3.2607414255838963e-7
8 0.9296896524609817 3.986509720417424e-7 -3.337981485436666e-7
8 0.9296897667162957 4.030935823168331e-7 -3.413810075574186e-7
8 0.9296898750389134 4.075942576567988e-7 -3.4882864030686804e-7
8 0.9296899777988437 4.121438540457488e-7 -3.5614566987033687e-7
8 0.9296900753388005 4.167340252738837e-7 -3.633374511856186e-7
8 0.9296901679765541 4.213571023673111e-7 -3.7040795041221305e-7
8 0.9296902560070626 4.260061657524993e-7 -3.7736167505472873e-7
8 0.9296903397042843 4.3067485873887375e-7 -3.8420219614446024e-7
8 0.9296904193230144 4.353573393351472e-7 -3.9093238804761887e-7
8 0.9296904951003903 4.4004827047935066e-7 -3.975561296607225e-7
8 0.9296905672572565 4.447427920612141e-7 -4.040760250108124e-7
8 0.9296906359995377 4.494363912481647e-7 -4.1049494147004e-7
8 0.9296907015193174 4.541250108430367e-7 -4.1681521949859463e-7
8 0.9296907639960384 4.5880491672349245e-7 -4.230399321932382e-7
8 0.9296908235973181 4.634726871838782e-7 -4.291704934218147e-7
8 0.9296908804798875 4.681251210087933e-7 -4.3520948678371753e-7
8 0.9296909347904855 4.7275948727314684e-7 -4.41158940766671e-7
8 0.9296909866664987 4.773730634895887e-7 -4.4702018996877147e-7
8 0.9296910362366826 4.819635645984787e-7 -4.527953384840969e-7
8 0.9296910836218575 4.865288045720627e-7 -4.584862005274319e-7
16 0.9296919262619193 7.103858071485216e-8 -4.736211423062134e-12
16 0.929692060505822 5.780938294167688e-8 -1.2000622717850249e-11
16 0.9296921720346611 5.063197399730449e-8 -2.461941761597083e-11
16 0.9296922706596106 4.59638254663292e-8 -4.1623149372483064e-11
16 0.9296923606403124 4.2575706053634314e-8 -6.225975291068244e-11
16 0.9296924442137491 3.993153861113599e-8 -8.58760840253506e-11
16 0.9296925227068291 3.776167751580381e-8 -1.1231748864935098e-10
16 0.929692596978703 3.5915764383733453e-8 -1.4071466215450347e-10
16 0.9296926676226599 3.430358538341641e-8 -1.71263891971762e-10
16 0.9296927350704539 3.286704632177386e-8 -2.0361234922402606e-10
16 0.9296927996494724 3.156783362623775e-8 -2.3756485670369476e-10
16 0.9296928616169993 3.0379132969622927e-8 -2.7284896568061407e-10
16 0.9296929211813934 2.9281908468900864e-8 -3.094315915087809e-10
16 0.9296929785159029 2.8262126239604308e-8 -3.471631871468688e-10
16 0.9296930337677202 2.7309226951071403e-8 -3.858542375246312e-10
16 0.9296930870643063 2.6414922344744273e-8 -4.255389375113524e-10
16 0.929693138517838 2.5572812429296057e-8 -4.661513398594573e-10
16 0.9296931882282398 2.4777470434848724e-8 -5.074370924739883e-10
16 0.9296932362855 2.402467551572026e-8 -5.492734046884375e-10
16 0.9296932827714389 2.3310731073510135e-8 -5.921332315116446e-10
16 0.9296933277609324 2.263265704772631e-8 -6.353280126234307e-10
16 0.9296933713229382 2.1987625256371016e-8 -6.79237444298519e-10
16 0.9296934135213796 2.1373352858973755e-8 -7.239029378558521e-10
16 0.9296934544156437 2.078778039192334e-8 -7.689583417417284e-10
16 0.9296934940612414 2.0229100856311866e-8 -8.144596111966871e-10
16 0.9296935325100149 1.9695658465598096e-8 -8.60503002557107e-10
16 0.9296935698108402 1.9185934656798472e-8 -9.070204591515917e-10
16 0.9296936060096289 1.8698634021748352e-8 -9.539127270417112e-10
16 0.9296936411497756 1.8232472032464446e-8 -1.0012721767832594e-9
16 0.9296936752721502 1.7786413072957367e-8 -1.0490084362220037e-9
16 0.9296937084156968 1.7359422415413028e-8 -1.097136160301939e-9
16 0.9296937406172219 1.6950378068486188e-8 -1.1456858801563339e-9
16 0.9296937719115964 1.655868473062292e-8 -1.1945444640589055e-9
16 0.9296938023322536 1.6183220410473093e-8 -1.2437175741471317e-9
16 0.9296938319107126 1.5823507712161947e-8 -1.2932445123161814e-9
16 0.9296938606772233 1.547848437433296e-8 -1.343291478953117e-9
16 0.9296938886604712 1.514783509366712e-8 -1.3934662322628695e-9
16 0.9296939158881277 1.4830696116678343e-8 -1.4440222361623464e-9
16 0.9296939423863274 1.4526608255143163e-8 -1.4946508486502981e-9
16 0.9296939681801021 1.4234838761887663e-8 -1.5458301317618784e-9
16 0.9296939932937667 1.3955105196189106e-8 -1.597331157509128e-9
16 0.9296940177499761 1.3686756967374065e-8 -1.649064108849257e-9
16 0.9296940415709976 1.3429308463907258e-8 -1.7008676703765482e-9
16 0.9296940647780396 1.3182328031090818e-8 -1.753191593439077e-9
16 0.9296940873911921 1.2945435750618392e-8 -1.8056635092337936e-9
16 0.9296941094299217 1.2718243266488076e-8 -1.8583254952134323e-9
16 0.9296941309129102 1.2500298051807301e-8 -1.911344195854338e-9
16 0.9296941518580387 1.2291340092352942e-8 -1.9645159962534514e-9
16 0.9296941722825407 1.2090881334094907e-8 -2.0179808955344845e-9
16 0.929694192203 1.1898685965670685e-8 -2.071653184479806e-9
