4 0.3360097752448951 0.23665736499969975 0.0001981701863599837
8 0.32746330519937344 0.2385223304883371 7.975039340320133e-6
16 0.32502259262872546 0.23858038622434358 4.889074800009714e-7
32 0.32439192335801953 0.23852730682181045 9.65547417590427e-8
4 0.33600977524489095 0.2366573649997008 0.00019817018636331368 0.031933669722683966
8 0.3274770806733253 0.23852536415449963 7.975851134694451e-6 0.02989470682339102
16 0.32509804717782276 0.23857635481878628 4.814026193564142e-7 0.030093062902208888
32 0.3244458853529966 0.2385287630878117 1.0226957424214794e-7 0.030086124840829176
4 0.33600979135304054 0.23665737137296441 0.0001981701863717497 0.03193366842594159
8 0.32747399987551806 0.23852562415245815 7.974215561849302e-6 0.029896603861090047
16 0.32521075047124187 0.23860215306303137 4.7273409914911106e-7 0.030074781164883237
32 0.32444599940097735 0.23853769889201648 9.772827469355913e-8 0.03008349215896382
