2 0.06062297524249346 0.5298967635354089 -0.291530910469392
2 0.2528164594924948 0.19421955412281872 -1.9984014443253017e-14
2 0.32173008370738004 0.04753990017882243 -5.5669290980255995e-5
2 0.33370827316518253 0.012052560795748464 -0.00012214589515647568
2 0.33458362004916176 0.003205169859307493 -0.0001650400635359942
2 0.3338419394501011 0.0009706362567378025 -0.00018867473030649847
2 0.3332102474215536 0.00040374566747253737 -0.00020074113659028115
2 0.33284469250542054 0.0002600194852547559 -0.00020664745815598186
2 0.332656938243906 0.00022377963943851983 -0.00020946948382634972
2 0.3325653721733225 0.00021475660044086126 -0.00021079897832835534
2 0.3325218421736806 0.00021256720412696507 -0.00021142014878482957
2 0.33250142408568006 0.00021206375312826425 -0.00021170895289568628
2 0.33249191606522194 0.0002119616851772607 -0.00021184283148061402
2 0.3324875059379096 0.0002119480842689185 -0.00021190478204621268
2 0.3324854670902052 0.00021195041949464464 -0.00021193341909245066
2 0.33248452476109724 0.00021195371643394003 -0.00021194663712904635
2 0.3324840895229678 0.00021195580915796941 -0.00021195273977911723
2 0.3324838885732514 0.00021195692225610776 -0.00021195555680178185
2 0.33248379597568256 0.0002119574729931697 -0.0002119568570178301
2 0.3324837532302315 0.00021195773711252993 -0.00021195745619207216
2 0.3324837335013354 0.00021195786154970227 -0.00021195773278681962
2 0.3324837243963663 0.00021195791962559226 -0.00021195786043212147
2 0.33248372019454997 0.00021195794659651808 -0.00021195791933982815
2 0.33248371825551337 0.00021195795908210405 -0.00021195794652240543
2 0.33248371736069393 0.0002119579648587022 -0.0002119579590618124
2 0.33248371694776035 0.0002119579675246707 -0.00021195796485507372
2 0.3324837167572032 0.00021195796875831107 -0.000211957967525504
2 0.33248371666926585 0.00021195796932351683 -0.00021195796875755758
2 0.3324837166286833 0.00021195796959213385 -0.00021195796933088724
2 0.33248371660995546 0.0002119579697069066 -0.00021195796959128972
2 0.33248371660131604 0.00021195796976617993 -0.00021195796970977562
2 0.33248371659733017 0.00021195796979237564 -0.00021195796976540958
2 0.3324837165954878 0.00021195796980724948 -0.00021195796978872922
2 0.33248371659464365 0.00021195796980969146 -0.00021195796980116635
2 0.3324837165942448 0.00021195796981191145 -0.0002119579698080512
2 0.33248371659406645 0.00021195796981013544 -0.00021195796980794015
2 0.3324837165939827 0.00021195796981080144 -0.00021195796981793427
2 0.33248371659394305 0.00021195796981368742 -0.00021195796981371453
2 0.3324837165939277 0.0002119579698143534 -0.0002119579698121599
2 0.3324837165939185 0.00021195796981368742 -0.0002119579698168238
2 0.33248371659391407 0.00021195796981213344 -0.0002119579698194889
2 0.33248371659391135 0.00021195796981768336 -0.00021195796981749007
2 0.3324837165939104 0.0002119579698170174 -0.00021195796980527504
2 0.3324837165939104 0.00021195796980969146 -0.00021195796981660173
2 0.3324837165939112 0.0002119579698147974 -0.0002119579698121599
2 0.33248371659390846 0.00021195796981213344 -0.00021195796981371453
2 0.33248371659391085 0.00021195796982101332 -0.0002119579698199331
2 0.33248371659391324 0.0002119579698134654 -0.00021195796981260406
2 0.332483716593911 0.00021195796980880347 -0.00021195796981082732
2 0.3324837165939069 0.00021195796980902546 -0.00021195796981349243
2 0.3324837165939121 0.0002119579698154634 -0.00021195796981749007
2 0.3324837165939082 0.00021195796981235543 -0.000211957969819711
2 0.3324837165939139 0.0002119579698163514 -0.00021195796980838432
2 0.3324837165939099 0.00021195796981168943 -0.0002119579698117157
2 0.3324837165939115 0.00021195796981590738 -0.0002119579698117157
2 0.3324837165939101 0.00021195796981923735 -0.0002119579698168238
2 0.3324837165939083 0.00021195796981191145 -0.00021195796981771217
2 0.33248371659391324 0.00021195796981257742 -0.00021195796981593543
2 0.33248371659391185 0.0002119579698141314 -0.00021195796981282616
2 0.33248371659391057 0.0002119579698139094 -0.00021195796981526917
2 0.3324837165939112 0.00021195796981879336 -0.00021195796980405353
2 0.3324837165939139 0.0002119579698150194 -0.000211957969814825
2 0.33248371659391357 0.00021195796981302142 -0.000211957969812382
2 0.3324837165939104 0.00021195796981124545 -0.00021195796981637963
2 0.33248371659390974 0.00021195796981257742 -0.0002119579698146029
2 0.33248371659391374 0.00021195796981879336 -0.00021195796980982793
2 0.3324837165939083 0.00021195796981168943 -0.00021195796981349243
2 0.33248371659391535 0.0002119579698141314 -0.0002119579698192668
2 0.3324837165939128 0.0002119579698150194 -0.00021195796981593543
2 0.3324837165939139 0.00021195796980946947 -0.00021195796981737905
2 0.3324837165939093 0.0002119579698145754 -0.00021195796981837844
2 0.33248371659391135 0.00021195796981235543 -0.00021195796980483087
2 0.33248371659391196 0.0002119579698143534 -0.0002119579698143808
2 0.33248371659391246 0.0002119579698147974 -0.00021195796981760112
2 0.33248371659391357 0.00021195796981324341 -0.00021195796981038315
2 0.3324837165939082 0.00021195796981657338 -0.00021195796981571336
2 0.33248371659390946 0.00021195796981191145 -0.00021195796981371453
2 0.3324837165939112 0.00021195796981590738 -0.00021195796981615753
2 0.3324837165939126 0.0002119579698076935 -0.00021195796981593543
2 0.3324837165939099 0.0002119579698147974 -0.00021195796981615753
2 0.3324837165939058 0.0002119579698143534 -0.00021195796981593543
2 0.33248371659391296 0.00021195796981657338 -0.0002119579698146029
2 0.3324837165939093 0.00021195796981035746 -0.00021195796981371453
2 0.33248371659391196 0.0002119579698063615 -0.00021195796981371453
2 0.3324837165939112 0.00021195796981679537 -0.00021195796981693485
2 0.33248371659391424 0.00021195796981324341 -0.00021195796981393663
2 0.3324837165939101 0.00021195796981102343 -0.0002119579698121599
2 0.33248371659391324 0.00021195796981124545 -0.0002119579698121599
2 0.33248371659390946 0.00021195796981124545 -0.00021195796981382558
2 0.33248371659391185 0.00021195796981080144 -0.00021195796981715695
2 0.33248371659391424 0.00021195796981923735 -0.00021195796981815637
2 0.3324837165939093 0.00021195796981279943 -0.00021195796981149362
2 0.3324837165939115 0.0002119579698163514 -0.00021195796981637963
2 0.3324837165939147 0.00021195796981657338 -0.000211957969817268
2 0.33248371659390846 0.00021195796981257742 -0.00021195796981038315
2 0.3324837165939099 0.00021195796981257742 -0.00021195796981493604
2 0.3324837165939126 0.0002119579698154634 -0.00021195796981571336
2 0.3324837165939131 0.0002119579698139094 -0.00021195796981393663
2 0.3324837165939104 0.00021195796981657338 -0.0002119579698117157
2 0.33248371659391057 0.00021195796981257742 -0.000211957969812493
2 0.332483716593911 0.0002119579698156854 -0.00021195796981138257
4 0.3299641200942507 1.6086628399356684e-5 -1.7835630055505728e-6
4 0.32852505541434524 1.053645861318662e-5 -3.965288708975906e-6
4 0.3274857346238408 8.986791937866532e-6 -5.613128449111012e-6
4 0.32675810267715555 8.68293556449286e-6 -6.813717130069636e-6
4 0.32625193124537255 8.781679079793894e-6 -7.682383669810405e-6
4 0.3259003013685574 8.983756545003026e-6 -8.308069518868195e-6
4 0.32565560788634257 9.187680159825458e-6 -8.75694463602174e-6
4 0.32548472862953426 9.359988545695502e-6 -9.0777099765112e-6
4 0.32536509433598 9.495029465795602e-6 -9.306220768711235e-6
4 0.32528075073280144 9.597189936525416e-6 -9.468608652021563e-6
4 0.32522165994735813 9.672162066782588e-6 -9.583996156662996e-6
4 0.32518033815028147 9.726626797474692e-6 -9.665733383762744e-6
4 0.3251512325308893 9.765755073768507e-6 -9.723450473414437e-6
4 0.3251307638136905 9.793748864838829e-6 -9.764175637345029e-6
4 0.32511635902290326 9.813597089826955e-6 -9.792969305801613e-6
4 0.3251061629490269 9.827707283712984e-6 -9.813209682307966e-6
4 0.32509887633239537 9.83751357588111e-6 -9.827513036495915e-6
4 0.32509375189978046 9.844910537404087e-6 -9.837413679337689e-6
4 0.32509035393442665 9.850044534478389e-6 -9.844862179181254e-6
4 0.32508790039298147 9.853391057208453e-6 -9.850023919753245e-6
4 0.32508608176504344 9.855870077747807e-6 -9.853379055113964e-6
4 0.3250848043436327 9.857668837811138e-6 -9.855863951909477e-6
4 0.32508391553345467 9.858905611403506e-6 -9.857665813122134e-6
4 0.3250832461574841 9.859823532751699e-6 -9.858904139336736e-6
4 0.3250827622044337 9.860478246796125e-6 -9.859822657217248e-6
4 0.3250824533196546 9.860953160662044e-6 -9.860477841478332e-6
4 0.3250822712002978 9.861274898123473e-6 -9.860953015956272e-6
4 0.32508212123817787 9.861460677015568e-6 -9.861274816385076e-6
4 0.32508184324784223 9.861571281671618e-6 -9.861460749600026e-6
4 0.32508171249739964 9.861850705175918e-6 -9.861570967855663e-6
4 0.3250816860422757 9.86198156165448e-6 -9.861850707514672e-6
4 0.32508171125632584 9.862334487193199e-6 -9.86198209560074e-6
4 0.3250812673324835 9.86210334414769e-6 -9.862334891652986e-6
4 0.3250811311442214 9.862336484908807e-6 -9.86210202063207e-6
4 0.32508130596984885 9.862316464232411e-6 -9.862336423220755e-6
4 0.32508144855736065 9.862298731925144e-6 -9.862316431237583e-6
4 0.32508146213823363 9.862282965359377e-6 -9.862298736106458e-6
4 0.3250814792566198 9.862245804340791e-6 -9.86228295324233e-6
4 0.32508154781800486 9.862205995688445e-6 -9.86224579992853e-6
4 0.32508161932991275 9.862130827669663e-6 -9.862205991268137e-6
4 0.32508159954044424 9.862088753296509e-6 -9.862130838198165e-6
4 0.325081579494037 9.862079010519418e-6 -9.862088746119562e-6
4 0.3250816263696832 9.862089007979159e-6 -9.862078999264483e-6
4 0.3250816573339255 9.862064022656398e-6 -9.862089006136359e-6
4 0.3250816815174375 9.862069656982683e-6 -9.86206403963885e-6
4 0.32508165132378253 9.861991558448096e-6 -9.862069666415652e-6
4 0.32508160847603323 9.862080488655776e-6 -9.86199155945718e-6
4 0.32508160270751807 9.862115294248429e-6 -9.862080492196108e-6
4 0.3250815266278856 9.86214272337001e-6 -9.862115329339784e-6
4 0.3250815157742085 9.862167484651971e-6 -9.86214267406949e-6
4 0.3250815755107401 9.86212162245726e-6 -9.862167489908251e-6
4 0.3250812663313189 9.861920128291313e-6 -9.862123621899382e-6
4 0.3250811496503608 9.862472476340197e-6 -9.861918040873679e-6
4 0.3250813309141009 9.862478892921907e-6 -9.862472428436914e-6
4 0.32508147400506787 9.862378953851322e-6 -9.862478849253059e-6
4 0.32508148168780376 9.86231114454023e-6 -9.862378967830735e-6
4 0.325081374226013 9.86217417034909e-6 -9.86231119726156e-6
4 0.3250813852471999 9.86229425599414e-6 -9.862174049392615e-6
4 0.32508155240780967 9.862159436946679e-6 -9.86229428662176e-6
4 0.3250816337209741 9.862135263633032e-6 -9.862159352226293e-6
4 0.3250815329269489 9.86214976322478e-6 -9.862135327096168e-6
4 0.32508149268301617 9.86216593435183e-6 -9.862149719836335e-6
4 0.3250815431913945 9.862059177912943e-6 -9.862166111996865e-6
4 0.32508160744174563 9.862141623371885e-6 -9.86205899362544e-6
4 0.32508163528825557 9.862105904074694e-6 -9.862141608244875e-6
4 0.3250816364442421 9.862099964218049e-6 -9.862105905673814e-6
4 0.3250815877966586 9.862138017847149e-6 -9.86209997069606e-6
4 0.3250815991785292 9.862114687850594e-6 -9.8621380110868e-6
4 0.325081611871646 9.86210087081723e-6 -9.862114692842647e-6
4 0.3250816119021026 9.862090658642473e-6 -9.862100864989526e-6
4 0.32508161451857387 9.862125146714472e-6 -9.8620906433984e-6
4 0.3250816403693632 9.862064149442617e-6 -9.862125153689195e-6
4 0.32508168208906857 9.862059854920267e-6 -9.862064158100815e-6
4 0.3250817507217279 9.862030872167905e-6 -9.86205986327171e-6
4 0.32508174477225843 9.861987847009126e-6 -9.8620308287659e-6
4 0.3250816792546264 9.862004199322788e-6 -9.86198784938831e-6
4 0.32508165283750307 9.862056400606414e-6 -9.862004187591466e-6
4 0.3250816392157487 9.862046328096337e-6 -9.862056410888145e-6
4 0.3250816684001407 9.862099249685556e-6 -9.862046331962086e-6
4 0.3250816795356927 9.86203715552417e-6 -9.862099244047924e-6
4 0.3250816739707319 9.862009687989248e-6 -9.862037145442092e-6
4 0.32508164469234263 9.861984818350583e-6 -9.862009713336977e-6
4 0.3250816390091812 9.862042785187561e-6 -9.861984807236198e-6
4 0.3250816760005852 9.862067036438098e-6 -9.862042782322025e-6
4 0.32508168899205997 9.862021748445069e-6 -9.862067048039848e-6
4 0.3250816788649082 9.862054494150239e-6 -9.862021750382696e-6
4 0.32508165937861544 9.86205031930875e-6 -9.862054500286501e-6
4 0.32508167074595673 9.862077780182397e-6 -9.862050335132724e-6
4 0.32508162942224933 9.86200870256501e-6 -9.86207777534255e-6
4 0.32508161341225883 9.862073433035993e-6 -9.862008684927246e-6
4 0.3250816598615638 9.862024917878502e-6 -9.862073445096982e-6
4 0.3250816940664438 9.86204167253302e-6 -9.862024910441656e-6
4 0.32508169662081476 9.862034916226413e-6 -9.862041681080946e-6
4 0.3250816819711116 9.862013236227042e-6 -9.862034914204875e-6
4 0.3250816409732011 9.862041181153155e-6 -9.862013241438499e-6
4 0.3250816120923708 9.862114868815162e-6 -9.86204120379136e-6
4 0.3250815082344044 9.862179159198072e-6 -9.862114931431928e-6
4 0.32508137143830973 9.862274416060269e-6 -9.86217916057676e-6
4 0.32508130177793465 9.862319785320813e-6 -9.862274333607803e-6
4 0.3250813506416177 9.862313992456247e-6 -9.862319729187604e-6
8 0.3249579151264826 1.053945884720419e-6 -5.010215588302561e-9
8 0.32478880568713603 6.622361224857103e-7 -1.709989564578701e-8
8 0.3246013948114702 4.5615324816392925e-7 -3.5697168192392555e-8
8 0.3244789959496148 2.121648373959806e-7 -5.3288528455289106e-8
8 0.324462611248645 1.2553978623566168e-7 -5.6210936930632484e-8
8 0.3244807681861134 9.965918238102449e-8 -6.115629734225523e-8
8 0.32449445327304705 9.035050321639137e-8 -6.729522277151429e-8
8 0.3245006696390863 8.789243057908785e-8 -7.310590122926066e-8
8 0.3245020444367669 8.798751362326883e-8 -7.832733024741318e-8
8 0.3245013634536911 8.90495961733092e-8 -8.243224776131025e-8
8 0.32449968196352524 9.063725603413427e-8 -8.579247791607627e-8
8 0.3244977682832002 9.217503779538853e-8 -8.874579931700543e-8
8 0.3244956397020971 9.378523073564625e-8 -9.104941893043614e-8
8 0.3244936080199961 9.489947599316909e-8 -9.31024917202909e-8
8 0.3244919414847359 9.587363154528708e-8 -9.450222673514526e-8
8 0.32449033567965907 9.640313970943351e-8 -9.564865546284599e-8
8 0.32448892234166654 9.731423992749667e-8 -9.6279129751729e-8
8 0.3244879933377274 9.77254780420334e-8 -9.72368829434505e-8
8 0.32448724021103453 9.802151098897014e-8 -9.766728347841728e-8
8 0.32448662428469577 9.85805830559434e-8 -9.798668679126472e-8
8 0.32448618298588733 9.883742913053451e-8 -9.85632796214562e-8
8 0.32448589435385944 9.872467799991572e-8 -9.882876672442583e-8
8 0.3244856067685943 9.90043815658827e-8 -9.870847426987118e-8
8 0.32448530401527703 9.902703499832331e-8 -9.899648402552011e-8
8 0.3244849958916201 9.930269135759365e-8 -9.903181709882189e-8
8 0.32448473293015223 9.919804996132856e-8 -9.930442739354924e-8
8 0.32448445122716485 9.931940931628278e-8 -9.919334213041613e-8
8 0.3244843442876893 9.926986384237164e-8 -9.932174876183277e-8
8 0.3244843463131444 9.929533457647379e-8 -9.926191628358188e-8
8 0.3244842371188771 9.948078243731758e-8 -9.929631010812094e-8
8 0.32448406302598043 9.955137174246612e-8 -9.947999175184195e-8
8 0.3244841392403018 9.960229478095505e-8 -9.954367759256331e-8
8 0.3244840313732886 9.99077932658539e-8 -9.964312594092082e-8
8 0.32448376319642364 9.965379802193624e-8 -9.990060733616905e-8
8 0.3244837798441146 9.967388683943089e-8 -9.964639377169712e-8
8 0.3244838961716349 9.97228754255084e-8 -9.968732570029316e-8
8 0.32448392378738056 9.931705253508017e-8 -9.973278534088146e-8
8 0.3244841872242755 9.932958428724824e-8 -9.931176574642616e-8
8 0.32448417636993926 9.944888062596731e-8 -9.932815730283434e-8
8 0.3244841219833656 9.956524286755479e-8 -9.944363105599056e-8
8 0.32448412637841373 9.962277506305022e-8 -9.958843623825753e-8
8 0.32448393567783373 9.973607553186553e-8 -9.963037658252493e-8
8 0.3244838012419945 9.960342698628279e-8 -9.972443402041275e-8
8 0.3244839057437554 9.952288875155987e-8 -9.960566246042329e-8
8 0.32448401443932806 9.974498551483868e-8 -9.952744790668471e-8
8 0.3244840766426925 9.962093720003834e-8 -9.973796886167811e-8
8 0.3244844357443835 9.988129224490341e-8 -9.966622613165163e-8
8 0.3244843172183909 9.9478738294888e-8 -9.987211878846695e-8
8 0.3244841908202552 9.967066364026706e-8 -9.947336904879665e-8
8 0.32448417908101 9.959436490276917e-8 -9.967258737714984e-8
8 0.3244842127311387 9.959831818452151e-8 -9.959585919013943e-8
8 0.32448405213581594 9.956519535001408e-8 -9.961024235290067e-8
8 0.3244841181205807 9.968554084935871e-8 -9.954660847061778e-8
8 0.3244840626018149 9.976731298581501e-8 -9.968982270314676e-8
8 0.3244840350456245 9.960248085431545e-8 -9.976839918964018e-8
8 0.32448402229154516 9.964488848305146e-8 -9.96079584018669e-8
8 0.32448406225787224 9.962592099069938e-8 -9.964334154625369e-8
8 0.3244840356763735 9.981248973253566e-8 -9.964604327425332e-8
8 0.32448387394201417 9.968484629390375e-8 -9.980724423181354e-8
8 0.3244834587542431 9.950964889921958e-8 -9.96981142936105e-8
8 0.32448334232657017 9.981444483508688e-8 -9.955038889141527e-8
8 0.324483072908921 9.969937733549062e-8 -9.977528590374904e-8
8 0.32448296183260716 1.00080078101677e-7 -9.973666690300727e-8
8 0.3244829353584474 9.977227612632912e-8 -1.0005361340373868e-7
8 0.3244829609125776 9.964024597491428e-8 -9.976859625424672e-8
8 0.32448291427504083 9.960912465027765e-8 -9.964616062483871e-8
8 0.32448310986297113 9.962552264271784e-8 -9.960577559216076e-8
8 0.32448391752447053 9.97175361414708e-8 -9.962896326847377e-8
8 0.32448425944029036 9.962282391285843e-8 -9.971939971360556e-8
8 0.324484397904869 9.976190886475948e-8 -9.963321464592554e-8
8 0.32448421130822985 9.969501948850883e-8 -9.97452209502206e-8
8 0.3244840626735736 9.964807082601213e-8 -9.970023315446425e-8
8 0.3244837968890636 9.985281591534404e-8 -9.965318678297252e-8
8 0.32448371043341734 9.98221573316245e-8 -9.985429293478112e-8
8 0.32448382224266487 9.975691486004831e-8 -9.982040748139659e-8
8 0.32448364716593076 9.933274953277704e-8 -9.980770852712879e-8
8 0.32448383597558506 9.90256636509791e-8 -9.935034533423022e-8
8 0.324483992758151 9.920298201560389e-8 -9.904682842582456e-8
8 0.32448384284626136 9.93424886302262e-8 -9.920751390668672e-8
8 0.3244838468700584 9.938904938085098e-8 -9.932782279260379e-8
8 0.3244840830446894 9.948505812780466e-8 -9.939369133199883e-8
8 0.3244840429980884 9.944467532361283e-8 -9.948700158969449e-8
8 0.3244836932636734 9.965270134374181e-8 -9.94576401845754e-8
8 0.32448338721844355 9.984603800445547e-8 -9.965918831617482e-8
8 0.3244835031749401 9.990300287602584e-8 -9.98567076701008e-8
8 0.3244834019150841 9.998405003690176e-8 -9.989540072273034e-8
8 0.3244836058604978 9.980047578834065e-8 -9.997250549745133e-8
8 0.32448383859469326 9.980960137660309e-8 -9.980528535411339e-8
8 0.32448391665959475 9.981385774921006e-8 -9.981079472540067e-8
8 0.32448403680708293 1.0002254146531624e-7 -9.982179870200762e-8
8 0.3244839632318589 9.989361372084454e-8 -1.0001846218495042e-7
8 0.32448393228596045 9.988047734128473e-8 -9.989281123828903e-8
8 0.3244838926490616 9.980887995375369e-8 -9.98790947645166e-8
8 0.32448400026877633 1.0016727167863186e-7 -9.982438507782396e-8
8 0.32448418960943315 9.966208161714205e-8 -1.0016273223974916e-7
8 0.3244842424018208 9.9746755432208e-8 -9.966819289193578e-8
8 0.3244842894912522 9.962054595748344e-8 -9.974938251062121e-8
8 0.3244843032123443 9.938154760461915e-8 -9.962884802731233e-8
8 0.32448419284706614 9.944428630150369e-8 -9.938793371482087e-8
8 0.32448420711792025 9.967557659870595e-8 -9.943566187432735e-8
16 0.3242861698820298 6.457902981459958e-8 -5.0142112685427684e-11
16 0.32415252871121514 6.028917561078203e-8 -1.7702106448926078e-10
16 0.3240328756278462 5.059299584523952e-8 -3.50563800272482e-10
16 0.3239306921089271 4.187431269543649e-8 -4.895417405980421e-10
16 0.32384472166542755 3.423581426369132e-8 -5.683082894785748e-10
16 0.32377279432484396 2.755873979904816e-8 -6.587126402062407e-10
16 0.32371267001464055 2.2221863879686932e-8 -7.559225470658506e-10
16 0.3236622246352138 1.8079612310361887e-8 -8.618484818418089e-10
16 0.3236196902687682 1.491024670383425e-8 -9.76557279963033e-10
16 0.32358363739288276 1.2501397394632542e-8 -1.1007088579991087e-9
16 0.3235529230477621 1.0681834026874634e-8 -1.2347214369674457e-9
16 0.32352663338071735 9.318342720659527e-9 -1.3804440933220726e-9
16 0.32350403528706495 8.311570286343598e-9 -1.5387965358231225e-9
16 0.32348453711796255 7.586705235238676e-9 -1.7110279874260408e-9
16 0.32346765789783205 7.089754091985457e-9 -1.8995509627750887e-9
16 0.32345300348778905 6.781439831114876e-9 -2.1063286692580576e-9
16 0.3234513982186876 8.432012386072531e-9 -2.4130495408751336e-9
16 0.32345438329725135 8.609667386379416e-9 -2.332851803344913e-9
16 0.32345472216463805 9.563811030685219e-9 -2.510663347042655e-9
16 0.32345349545064556 1.1429200409608375e-8 -2.9189254389518066e-9
16 0.3234517805011768 1.4715900167851042e-8 -3.4813392229640505e-9
16 0.3234501657269552 2.0793504701719295e-8 -4.294038467360741e-9
16 0.32344910242545083 3.334995624004836e-8 -5.521745631544094e-9
16 0.3234490700702688 6.462340742442844e-8 -7.502715588082572e-9
16 0.3234510575569863 1.730104347780757e-7 -1.1011128625120074e-8
16 0.32341824830291516 1.0834104664259995e-6 -1.7743496052200015e-8
16 0.3257562094137895 0.0002662681008059532 -3.0886691792672975e-8
16 0.3309656658458418 1.8818655376358182e-5 -7.128031275030613e-8
16 0.32900636066121386 6.662071897854311e-6 -6.719850254395952e-9
16 0.32768314407370625 4.460401993746063e-6 -1.4132029202355347e-8
16 0.3289015800335518 8.795256159614387e-6 -5.776796820348055e-10
16 0.32857089998597755 3.5530678072138865e-6 -5.506706202140928e-14
16 0.38915254647808 0.0052641963842387385 -4.836997469343372e-11
16 0.36478513628505166 0.001376719629260222 -3.7525538232331e-14
16 0.3465192470832811 0.00027314308794353727 -7.549516567451093e-15
16 0.36059002914300525 0.0033522298683386067 3.5527136788004946e-15
16 0.3652380634936689 0.0003654154885545315 6.217248937900858e-15
16 0.36481743885221113 0.0014565225475739703 -9.736655925963097e-14
16 0.3465197215692891 0.0003545636687665608 1.731947918415229e-14
16 0.3377475023398923 9.836808970478515e-5 1.465494392505196e-14
16 0.33301626525820677 3.3501920418220085e-5 9.103828801926243e-15
16 0.38575615379574296 0.004600116530037128 -2.842170943040441e-14
16 0.3649002749750535 0.0014926166788294362 -5.218048215738372e-14
16 0.34658588940618856 0.0003002507706256597 -2.711164626135e-13
16 0.33777213977782483 8.476990000850425e-5 -1.687538997430252e-14
16 0.3518609058794456 0.0012550768628240248 4.3964831775155233e-14
16 0.3506369910864919 0.000796634985320308 -4.884981308350701e-15
16 0.33964936566806764 0.00020273949651598925 -1.5987211554602384e-14
16 0.3339990729726867 6.044251731134897e-5 -3.819167204710612e-14
16 0.3307768134950605 2.089011698436267e-5 -1.9193535649738124e-12
16 0.3287860139259086 8.441256779338402e-6 -4.4997339188158835e-12
16 0.3274764847456823 3.955799218415301e-6 -1.165090246508919e-11
16 0.326571536129282 2.0927348896354167e-6 -2.3008484007201364e-11
16 0.32592096140041615 1.2098135458226223e-6 -3.218514343979631e-11
16 0.3254380662615033 7.45357785268691e-7 -4.915834406325849e-11
16 0.32506819784775376 4.856200352876544e-7 -6.842526545603866e-11
16 0.32477737332571655 3.295742664136204e-7 -9.119527355910312e-11
16 0.3245447557068001 2.3025076770097616e-7 -1.2517697990050627e-10
16 0.32435599223634454 1.647190730265811e-7 -1.7024293087814238e-10
16 0.3242008999490629 1.2009874573075544e-7 -2.2842649996357342e-10
16 0.32407237336800265 8.869527008080214e-8 -2.998595816544541e-10
16 0.3239657639225366 6.568263406176247e-8 -3.82028631024909e-10
16 0.323874482977754 5.2833844347131425e-8 -4.556355294099661e-10
16 0.32379701522973087 4.1550941601256256e-8 -5.112115176927288e-10
16 0.323732144418685 3.236155513381012e-8 -5.75797742984678e-10
16 0.32367787522105274 2.5361475708781074e-8 -6.508595886587151e-10
16 0.32363233403614966 2.012993440548585e-8 -7.366338652885258e-10
16 0.3235939497045372 1.624493815150052e-8 -8.330330873024535e-10
16 0.32356143089510503 1.3362932449001594e-8 -9.403922089904151e-10
16 0.3235337312980029 1.1225237343261932e-8 -1.0590113236398147e-9
16 0.3235100119085071 9.642408602824962e-9 -1.1896912351232734e-9
16 0.3234896030530985 8.47875988044134e-9 -1.3336001201135876e-9
16 0.3234719691110388 7.636640846060171e-9 -1.4913753576558563e-9
16 0.3234566786888556 7.046777581050591e-9 -1.6646094516658145e-9
16 0.3234433809310239 6.660033169429774e-9 -1.8550260234004227e-9
16 0.3234317875107004 6.442072188261792e-9 -2.0646790964915946e-9
16 0.3234217055414664 6.377820473614116e-9 -2.2967215933262977e-9
16 0.32342432263385623 8.443094854255437e-9 -2.623992915285901e-9
16 0.32343127097799007 8.918769905026781e-9 -2.5363973176176844e-9
16 0.3234350501094521 1.0212452387115073e-8 -2.729004248529554e-9
16 0.32343674386409277 1.2617253828733802e-8 -3.184706947676155e-9
16 0.3234375565166887 1.6860595000136393e-8 -3.825158419556544e-9
16 0.32343819717578326 2.489648767240014e-8 -4.7647884640340716e-9
16 0.32343924719535944 4.227941129970565e-8 -6.210076250310506e-9
16 0.3234413601147108 8.930961948631643e-8 -8.599048843317697e-9
16 0.3234461112166893 2.806841009828459e-7 -1.2995041127675554e-8
16 0.3234150168577143 3.2082862089163675e-6 -2.0040256877151737e-8
16 0.3292757183474481 0.00024414808891146263 -4.9381102760425996e-8
16 0.3307190364306886 1.0780060236044568e-5 -2.85004908602928e-10
16 0.33095266657490197 0.00011400971745545518 -3.365510093400589e-10
16 0.3317169684369623 3.788787539428915e-5 -3.2440716779552335e-13
16 0.34943553226350316 0.0008974601396327688 -3.187228259098979e-12
16 0.36597345993526953 0.00214521191421082 -1.2856382625160138e-13
16 0.3766614959651683 0.0004579762723266539 -6.883382752675994e-15
16 0.3874912906676575 0.00048598022713417806 8.92619311798586e-14
16 0.3646997753506137 0.0017066122846107977 -1.0103029524089434e-13
16 0.346526345406271 0.0003544524790621781 8.881784197001248e-16
16 0.33775203517529184 9.835589064196825e-5 2.309263891220299e-14
16 0.34300297213348774 0.004035292047024226 -4.929390229335817e-14
16 0.36464021978889205 0.0016902761333906112 -9.325873406851359e-15
