2 0.2670884827424441 0.04333154861924931 -0.020049160971490905
2 0.28211300343574564 0.025409068630685355 -0.017005565158088667
2 0.2860986347461761 0.0203115884597556 -0.01772675268657553
2 0.28709532131191917 0.018840505204756303 -0.018038394636260394
2 0.28729933143350034 0.01842791428117699 -0.0181833032003295
2 0.28730983196991317 0.01832467132288011 -0.01825441727747206
2 0.2872851116498905 0.018307666712126913 -0.01829045115787344
2 0.2872624048502725 0.01831129280350625 -0.018309024203745305
2 0.2872472842176152 0.018317513159351227 -0.018318680281128766
2 0.28723827655507644 0.01832228098787088 -0.018323721610160323
2 0.28723318632040934 0.01832531050838645 -0.0183263588672556
2 0.287230391288205 0.01832708608979841 -0.018327739731375223
2 0.2872288822709613 0.018328083349688423 -0.018328463024721287
2 0.2872280760237423 0.01832862972190429 -0.018328841936527833
2 0.28722764811337453 0.018328924505546743 -0.018329040443462723
4 0.31292418877025685 0.0036122731337752843 3.330669073875464e-15
4 0.3179799102062854 0.0013835915891177249 -0.00021157711024561183
4 0.3192895075306436 0.0010096629610631084 -0.0005238415858305418
4 0.3196740669846135 0.0009936538722013868 -0.0007604682437642456
4 0.31979688346863566 0.0010366045886654408 -0.000914535597710313
4 0.3198393590988983 0.0010763663984645368 -0.0010091234833332348
4 0.31985565823559375 0.0011037871406292168 -0.0010655675005247734
4 0.31986289645946464 0.0011209306444595632 -0.001098738201997988
4 0.31986672329324495 0.0011311715605816029 -0.0011180637319158884
4 0.31986909331047797 0.001137134467053215 -0.0011292671218103886
4 0.3198707309558716 0.0011405467915847935 -0.0011357437555475386
4 0.31987193554111165 0.0011424711490914965 -0.001139482369488161
4 0.31987285077501837 0.001143539640298512 -0.0011416391872290461
4 0.31987355779709575 0.0011441212698680716 -0.0011428835116655336
4 0.3198741088914819 0.0011444289137031707 -0.0011436018072459755
4 0.3214866751954585 0.00028604899547032586 -9.99200722162646e-15
8 0.32194748755915054 0.00016433936992153654 -1.1298006426583384e-5
8 0.32218607973243535 0.00012258009314644797 -2.814549879548479e-5
8 0.32232625451492386 0.0001058383192651204 -4.382705288323489e-5
8 0.32241263349363697 0.00010030810269477044 -5.779402961568456e-5
8 0.32246741822451047 0.00010026500736524389 -7.009482516732325e-5
8 0.32250291465905184 0.00010287366684466886 -8.084593885797588e-5
8 0.3225263019659997 0.00010664753046863616 -9.018172381189366e-5
8 0.3225419168412951 0.0001107956677813053 -9.824440985576328e-5
8 0.3225524524973322 0.0001149018620121576 -0.000105177040384647
8 0.32255962019671636 0.00011875644966666408 -0.00011111753317652229
8 0.32256452811592085 0.00012226481642124403 -0.00011619448751713714
8 0.32256790527080587 0.0001253962802133116 -0.00012052480593379014
8 0.3225702375319409 0.00012815500593000084 -0.00012421278040261708
8 0.3225718522186668 0.00013056327292844272 -0.0001273501862153746
8 0.32257297179498784 0.0001326518197261221 -0.00013001698574021037
8 0.32257374855417126 0.00013445431181138313 -0.00013228234936485414
8 0.3225742873615171 0.00013600423827217297 -0.00013420580054258113
8 0.3225746607590911 0.00013733324854035335 -0.00013583836656573932
8 0.3225749191076605 0.00013847034262278756 -0.0001372236695879048
8 0.32257509746010643 0.00013944156253093594 -0.00013839892456037978
8 0.3225752202563205 0.00014026997256635427 -0.00013939583195353366
8 0.32257530455148137 0.00014097579898260672 -0.00014024136390293303
8 0.3225753622479896 0.00014157665086420056 -0.00014095844975217067
8 0.3225754016458597 0.00014208777540672036 -0.0001415665691290279
8 0.3225753045818635 0.00014097579807723646 -0.0001402413654224863
8 0.322575362275246 0.00014157665023790142 -0.0001409584513122539
8 0.3225754016703339 0.0001420877749942201 -0.000141566570697662
8 0.3225754285453661 0.00014252231927972764 -0.00014208226436092388
16 0.3227756572416009 3.5145411628163206e-5 -3.774758283725539e-15
16 0.32283463851425687 2.0117475985646162e-5 -6.750260917021972e-7
16 0.32286869767420284 1.4831293768065633e-5 -1.2917643149535922e-6
16 0.3228924837730972 1.2448758807246672e-5 -2.0440885255954606e-6
16 0.3229106337089478 1.1217228830568058e-5 -2.8285009420918225e-6
16 0.32292510543606656 1.0541573302356065e-5 -3.604902315618292e-6
16 0.32293691785580825 1.0178739147457636e-5 -4.356167405356961e-6
16 0.32294669293990835 1.001373623093276e-5 -5.075763532006637e-6
16 0.32295485529065404 9.984107236837684e-6 -5.7626487141904655e-6
16 0.3229617160356719 1.0051646362875167e-5 -6.4180655770988195e-6
16 0.3229675130905082 1.0190676848605362e-5 -7.044025949913805e-6
16 0.3229724331529631 1.0382758303646314e-5 -7.642574673099552e-6
16 0.32297662516647613 1.0614054665511301e-5 -8.215512655622708e-6
16 0.3229802093154597 1.0873897537847452e-5 -8.764330372133003e-6
16 0.32298328341251054 1.1153925766207105e-5 -9.290236155220498e-6
16 0.3229859276185345 1.1447525864540104e-5 -9.794215146887312e-6
16 0.3229882080226033 1.1749443266568987e-5 -1.0277090360854709e-5
16 0.32299017940429176 1.2055498372968506e-5 -1.0739574892440586e-5
16 0.3229918873912663 1.2362371333288397e-5 -1.1182311899500302e-5
16 0.32299337016039503 1.2667435125705148e-5 -1.1605903480148822e-5
16 0.3229946597888926 1.2968623924513298e-5 -1.2010929747190436e-5
16 0.32299578333502865 1.3264328105485508e-5 -1.239796173701896e-5
16 0.32299676370690666 1.3553309525809255e-5 -1.2767567183616571e-5
16 0.32299762036566315 1.3834632997450473e-5 -1.3120315123601362e-5
16 0.322998369897263 1.4107610214516951e-5 -1.3456776631553834e-5
16 0.32299902647906253 1.4371754706205032e-5 -1.3777523858126398e-5
16 0.322999602263806 1.4626744058810392e-5 -1.408312863638207e-5
16 0.32300010769559584 1.4872389232261169e-5 -1.437416162737684e-5
16 0.3230005517718539 1.51086092212492e-5 -1.4651188780630238e-5
16 0.3230009422615368 1.5335410177888008e-5 -1.4914769667012852e-5
16 0.32300128588640936 1.555286847009261e-5 -1.5165456132050746e-5
16 0.32300158847430793 1.5761115534973048e-5 -1.5403790499807118e-5
16 0.3230018550864831 1.596032723391615e-5 -1.5630302650205113e-5
16 0.32300209012700754 1.6150712935020413e-5 -1.5845510030828486e-5
16 0.32300229743309006 1.6332507891080662e-5 -1.604991674167612e-5
16 0.3230024803536427 1.6505967242924164e-5 -1.6244011019396715e-5
16 0.32300264181536376 1.6671358961177914e-5 -1.642826735200853e-5
16 0.3230027843791683 1.6828960469259886e-5 -1.660314326924118e-5
16 0.3230029102886238 1.697905484338637e-5 -1.6769080471702796e-5
16 0.32300302151157834 1.7121926964622022e-5 -1.6926504323001065e-5
16 0.3230031197756893 1.7257861996365926e-5 -1.7075823909756624e-5
16 0.32300320659931514 1.7387142005355518e-5 -1.721743275333246e-5
16 0.32300328331805656 1.751004662758799e-5 -1.7351707341717754e-5
16 0.32300335110776474 1.7626849052068057e-5 -1.747900886290899e-5
32 0.32302515207117005 2.8093349713124974e-6 -9.614531393254318e-14
32 0.3230298943784223 1.6578211823803614e-6 -2.4794040461691183e-8
32 0.3230327952263239 1.2859184431619954e-6 -7.893095255815986e-8
32 0.32303496963660083 1.119008765723987e-6 -1.3646825568182817e-7
32 0.323036747214179 1.0292167404328122e-6 -1.921139656488696e-7
32 0.32303826312147593 9.770483645206752e-7 -2.444805034177827e-7
32 0.3230395876174213 9.474074766539604e-7 -2.9481241153066846e-7
32 0.3230407644007617 9.323395365982401e-7 -3.434964832992229e-7
32 0.3230418227811043 9.270601798919188e-7 -3.9071211527255363e-7
32 0.3230427833600172 9.285725846889611e-7 -4.36540462360739e-7
32 0.3230436611764751 9.349382680667053e-7 -4.810688392370878e-7
32 0.3230444675871576 9.448689261323556e-7 -5.243867918121478e-7
32 0.3230452114266275 9.574852578794797e-7 -5.66584047094081e-7
32 0.32304589975575904 9.721716415852395e-7 -6.077455321690289e-7
32 0.3230465383534124 9.88486690667824e-7 -6.47947941942479e-7
32 0.32304713204877317 1.006105658922348e-6 -6.872597638947912e-7
32 0.3230476849506574 1.0247832460846782e-6 -7.257408606347531e-7
32 0.323048200608404 1.0443306451005894e-6 -7.634431675620472e-7
32 0.32304868212695653 1.0645973662364864e-6 -8.004122948073904e-7
32 0.3230491322517031 1.085462034670267e-6 -8.366870684864581e-7
32 0.3230495534307472 1.1068241879485165e-6 -8.723018136519479e-7
32 0.32304994786230345 1.1285990885846814e-6 -9.072857372300141e-7
32 0.32305031753205415 1.1507135966974146e-6 -9.416650361126306e-7
32 0.32305066424174195 1.1731051985655855e-6 -9.754618417778655e-7
32 0.3230509896327734 1.195717872383746e-6 -1.008696029843384e-6
32 0.32305129520510123 1.2185022532404844e-6 -1.0413848785609949e-6
32 0.3230515823331907 1.2414141947146069e-6 -1.0735434276405893e-6
32 0.3230518522792684 1.2644138962404165e-6 -1.1051850995311863e-6
32 0.32305210620475516 1.2874653644277403e-6 -1.136322170599788e-6
32 0.3230523451801675 1.310535946990503e-6 -1.1669649469006011e-6
32 0.32305257019359557 1.3335959192998502e-6 -1.1971232347778572e-6
32 0.323052782158298 1.356618177296542e-6 -1.226805189674022e-6
32 0.3230529819193273 1.3795779543841618e-6 -1.2560193178641335e-6
32 0.32305317025951574 1.4024527599225677e-6 -1.2847719905522477e-6
32 0.3230533479047771 1.4252219380256123e-6 -1.3130700980847655e-6
32 0.32305351552864636 1.4478666704474898e-6 -1.3409195373805994e-6
32 0.32305367375707206 1.4703697982809497e-6 -1.3683260372719323e-6
32 0.323053823171768 1.492715877024066e-6 -1.3952949119232903e-6
32 0.3230539643140049 1.5148905841659122e-6 -1.4218311518698807e-6
32 0.3230540976877981 1.5368809583280862e-6 -1.4479398183693146e-6
32 0.3230542237627465 1.5586754527772007e-6 -1.47362535972525e-6
32 0.3230543429766851 1.580263696727134e-6 -1.4988922942975207e-6
32 0.3230544557381467 1.6016359357873727e-6 -1.5237453456164735e-6
32 0.3230545624285273 1.6227838792837614e-6 -1.5481885435450239e-6
32 0.32305466340422007 1.6436998287346874e-6 -1.5722263268427706e-6
32 0.3230547589982726 1.6643772018753945e-6 -1.5958629156669744e-6
32 0.323054849522161 1.6848098008000672e-6 -1.61910257802647e-6
32 0.32305493526747714 1.704992700360725e-6 -1.6419496832944943e-6
32 0.3230550165072524 1.7249212540750996e-6 -1.6644081452088615e-6
32 0.3230550934972712 1.7445914280810967e-6 -1.6864824723666933e-6
32 0.3230551664773011 1.764000176391446e-6 -1.7081767591410376e-6
32 0.32305523567210054 1.7831447727625718e-6 -1.7294955603160186e-6
32 0.32305530129287147 1.802022669474439e-6 -1.7504429898062403e-6
32 0.32305536353761904 1.8206322875858416e-6 -1.7710232856502227e-6
32 0.32305542259246933 1.8389724882470721e-6 -1.791241066805444e-6
32 0.32305547863192724 1.8570418990178004e-6 -1.8111005907408819e-6
32 0.3230555318207712 1.874840557438173e-6 -1.8306063321972841e-6
32 0.3230555823136001 1.8923675564721524e-6 -1.8497624022063908e-6
32 0.3230556302554639 1.9096238613600775e-6 -1.8685735666113899e-6
32 0.3230556757834462 1.9266092711659805e-6 -1.8870444395994372e-6
32 0.3230557190267153 1.943324475350825e-6 -1.9051791780566447e-6
32 0.3230557601065844 1.959771067539166e-6 -1.922982382848809e-6
32 0.32305579913752086 1.975949624837045e-6 -1.9404586107664474e-6
32 0.3230558362274551 1.991861799266042e-6 -1.9576123369991677e-6
32 0.32305587147822784 2.007509119834952e-6 -1.9744480190846185e-6
32 0.3230559049858305 2.0228933686826025e-6 -1.9909705917358614e-6
32 0.3230559368409208 2.0380166363668296e-6 -2.007183783295821e-6
32 0.32305596712913004 2.0528808695605294e-6 -2.0230933470478238e-6
32 0.32305599593107476 2.067488349556807e-6 -2.0387026492914745e-6
32 0.3230560233233524 2.0818415830232408e-6 -2.0540166732589943e-6
32 0.32305604937801885 2.0959428423705027e-6 -2.0690397353818457e-6
