2 0.35609237166523083 0.01615256428000493 -6.966058564888948e-7
2 0.34486280546473375 0.004018930755453182 -5.966290384319005e-5
2 0.33857101566132375 0.0011308747546143673 -0.0001308781918446539
2 0.3353803596887177 0.0004325673631519186 -0.00017324738806705087
2 0.33383303299041767 0.0002646939169455413 -0.0001949567636299563
2 0.3330999518604253 0.00022526405046831028 -0.00020548012180014627
2 0.33275705702819186 0.00021649502465001692 -0.00021045461727741788
2 0.3325978179149086 0.000214792132441693 -0.00021277693734341978
2 0.3325241683950484 0.00021459024655457858 -0.000213854049274776
2 0.33249018375208683 0.0002146427499383475 -0.00021435186233674728
2 0.3324745227192447 0.00021470332085411225 -0.00021458148749213416
2 0.33246731115772155 0.00021474032501881115 -0.00021468728802773702
2 0.33246399183076586 0.00021475964576447534 -0.0002147360044103275
2 0.3324624643953062 0.00021476911242720453 -0.00021475842753721018
2 0.33246176162445873 0.00021477361324828464 -0.00021476874607237218
2 0.3324614383071734 0.0002147757205758081 -0.00021477349374266427
2 0.33246128956863613 0.00021477669931272168 -0.00021477567800688306
2 0.33246122114499016 0.00021477715191138428 -0.0002147766828627168
2 0.3324611896688225 0.0002147773607034834 -0.00021477714513773428
2 0.33246117518932156 0.00021477745690518264 -0.00021477735779877388
2 0.3324611685285757 0.00021477750119290216 -0.0002147774556135531
2 0.332461165464558 0.00021477752158220926 -0.00021477750061955832
2 0.3324611640550843 0.00021477753096912702 -0.00021477752132000432
2 0.3324611634067094 0.00021477753527631127 -0.00021477753084143437
2 0.3324611631084553 0.00021477753726318368 -0.00021477753522809043
2 0.33246116297125394 0.00021477753817559104 -0.00021477753724069085
2 0.3324611629081394 0.00021477753859227924 -0.00021477753817381165
2 0.33246116287910515 0.0002147775387909665 -0.00021477753858568184
2 0.3324611628657524 0.00021477753888731314 -0.00021477753879300498
2 0.33246116285960553 0.00021477753891905872 -0.00021477753887473496
2 0.33246116285678107 0.0002147775389332665 -0.00021477753892215165
2 0.33246116285548116 0.00021477753894414437 -0.00021477753894069636
2 0.332461162854881 0.00021477753895391224 -0.0002147775389482475
2 0.33246116285460947 0.00021477753895080427 -0.00021477753894635972
2 0.3324611628544813 0.0002147775389490283 -0.00021477753895235622
2 0.332461162854423 0.00021477753895857417 -0.00021477753895768643
2 0.33246116285439564 0.0002147775389554662 -0.00021477753895268934
2 0.3324611628543839 0.00021477753895813017 -0.0002147775389528004
2 0.3324611628543805 0.00021477753895391224 -0.0002147775389571312
2 0.3324611628543764 0.00021477753895502222 -0.00021477753895502133
2 0.3324611628543775 0.00021477753895990614 -0.00021477753895202307
2 0.332461162854374 0.0002147775389552442 -0.00021477753895635386
2 0.33246116285437527 0.00021477753895657618 -0.00021477753895268934
2 0.332461162854374 0.00021477753895124827 -0.00021477753895124575
2 0.33246116285437033 0.0002147775389552442 -0.00021477753895513237
2 0.3324611628543735 0.0002147775389496943 -0.00021477753895868585
2 0.33246116285437366 0.0002147775389545782 -0.00021477753895435506
2 0.33246116285437416 0.00021477753895324624 -0.00021477753895335564
2 0.3324611628543724 0.00021477753895724218 -0.00021477753895268934
2 0.33246116285437366 0.00021477753895502222 -0.00021477753895391086
2 0.3324611628543708 0.00021477753894991628 -0.00021477753895846375
2 0.3324611628543764 0.00021477753895901816 -0.00021477753895213412
2 0.3324611628543764 0.00021477753895657618 -0.0002147775389554655
2 0.3324611628543718 0.00021477753895790818 -0.00021477753894958007
2 0.33246116285437527 0.00021477753896057214 -0.00021477753895646491
2 0.3324611628543735 0.00021477753895435622 -0.0002147775389534667
2 0.33246116285437544 0.00021477753895235825 -0.00021477753895046844
2 0.3324611628543718 0.00021477753895302425 -0.00021477753895479923
2 0.33246116285437444 0.00021477753895790818 -0.0002147775389535777
2 0.33246116285437655 0.00021477753895968415 -0.00021477753895657596
2 0.33246116285437827 0.0002147775389556882 -0.0002147775389559097
2 0.33246116285437416 0.0002147775389545782 -0.00021477753895124575
2 0.33246116285437494 0.00021477753895258024 -0.00021477753896035153
2 0.3324611628543733 0.00021477753895280223 -0.00021477753895624284
2 0.33246116285437494 0.00021477753895258024 -0.00021477753895368876
2 0.33246116285437494 0.0002147775389561322 -0.00021477753896157305
2 0.3324611628543751 0.0002147775389567982 -0.00021477753895146785
2 0.33246116285437427 0.00021477753895369022 -0.0002147775389559097
2 0.3324611628543713 0.0002147775389570202 -0.0002147775389583527
2 0.3324611628543706 0.00021477753895746417 -0.0002147775389556876
2 0.3324611628543722 0.0002147775389554662 -0.00021477753895657596
2 0.33246116285437527 0.00021477753895768619 -0.00021477753895801958
2 0.3324611628543718 0.00021477753895657618 -0.0002147775389486917
2 0.33246116285437366 0.00021477753895746417 -0.00021477753895002424
2 0.3324611628543735 0.0002147775389554662 -0.00021477753895646491
2 0.33246116285437494 0.00021477753895990614 -0.00021477753895579864
2 0.33246116285437477 0.0002147775389567982 -0.0002147775389571312
2 0.33246116285437477 0.0002147775389552442 -0.00021477753895679806
2 0.33246116285437316 0.00021477753895502222 -0.00021477753895413296
2 0.33246116285437555 0.0002147775389548002 -0.0002147775389583527
2 0.332461162854377 0.00021477753895191425 -0.0002147775389571312
2 0.3324611628543746 0.0002147775389545782 -0.00021477753895202307
2 0.3324611628543719 0.00021477753895746417 -0.00021477753895213412
2 0.33246116285437255 0.00021477753895346823 -0.00021477753895468818
2 0.332461162854374 0.00021477753895724218 -0.0002147775389535777
2 0.33246116285437444 0.00021477753895724218 -0.0002147775389486917
2 0.33246116285437316 0.0002147775389563542 -0.00021477753894935797
2 0.3324611628543773 0.0002147775389496943 -0.00021477753895746433
2 0.3324611628543746 0.00021477753895391224 -0.0002147775389534667
2 0.33246116285437477 0.0002147775389567982 -0.0002147775389554655
2 0.3324611628543735 0.00021477753895280223 -0.000214777538956687
2 0.33246116285437477 0.00021477753895435622 -0.00021477753895768643
2 0.33246116285437544 0.00021477753895280223 -0.00021477753895535447
2 0.3324611628543735 0.00021477753895813017 -0.0002147775389561318
2 0.33246116285437666 0.00021477753895369022 -0.00021477753896024049
2 0.33246116285437366 0.00021477753895324624 -0.00021477753895102366
2 0.33246116285437305 0.0002147775389570202 -0.000214777538956687
2 0.3324611628543729 0.00021477753895280223 -0.00021477753895646491
2 0.3324611628543727 0.0002147775389634581 -0.00021477753896012944
2 0.33246116285437427 0.00021477753895346823 -0.00021477753895391086
4 0.32996691039922144 1.6052284776629132e-5 -1.818124420680929e-6
4 0.3285235096947297 1.0600576525100672e-5 -4.028170198734156e-6
4 0.327481600812885 9.085742275595786e-6 -5.701691259964731e-6
4 0.3267520088297635 8.805796209392537e-6 -6.927201754302259e-6
4 0.3262447654058323 8.923922247441825e-6 -7.818534551895218e-6
4 0.32589202748920243 9.14451240356514e-6 -8.46342226876226e-6
4 0.32564612193331066 9.362749090291813e-6 -8.927748300407176e-6
4 0.32547420136333455 9.546183196307302e-6 -9.260649914119706e-6
4 0.32535369754614846 9.689774280496196e-6 -9.498484059053248e-6
4 0.32526905736974326 9.798012365925978e-6 -9.667921546805138e-6
4 0.32520951206444537 9.877810465264732e-6 -9.788369661400186e-6
4 0.3251675711436784 9.9358300433767e-6 -9.873852198172358e-6
4 0.3251380040022394 9.977635311822555e-6 -9.934445509809492e-6
4 0.3251171467675789 1.000757612267008e-5 -9.977357864272371e-6
4 0.32510242694685865 1.002893165367409e-5 -1.0007728654655423e-5
4 0.32509203516104335 1.0044120583221397e-5 -1.0029213071091198e-5
4 0.3250846971400992 1.0054902323616774e-5 -1.0044406013272074e-5
4 0.32507951463694484 1.0062545120406886e-5 -1.0055147217230856e-5
4 0.32507585404589323 1.0067957619666983e-5 -1.0062739740163576e-5
4 0.3250732682215545 1.0071788047261346e-5 -1.0068105900179963e-5
4 0.32507144149958656 1.0074497514374975e-5 -1.007189819187937e-5
4 0.325070150981699 1.0076413452907754e-5 -1.0074578045345878e-5
4 0.32506923924705294 1.0077767921118593e-5 -1.0076471681355085e-5
4 0.32506859510449976 1.007872528365154e-5 -1.0077809737515455e-5
4 0.3250681400096255 1.0079401906250943e-5 -1.0078755182440505e-5
4 0.3250678184759353 1.0079880069380887e-5 -1.0079423190494308e-5
4 0.32506759130425184 1.0080217961464266e-5 -1.0079895193026108e-5
4 0.32506743080085576 1.0080456707189992e-5 -1.0080228684402686e-5
4 0.32506731740012823 1.0080625422307539e-5 -1.0080464310409582e-5
4 0.3250672372787138 1.0080744621533229e-5 -1.0080630798912196e-5
4 0.3250671806701468 1.008082883554159e-5 -1.008074841934556e-5
4 0.3250671406741644 1.0080888347336669e-5 -1.0080831523485328e-5
4 0.32506711241552805 1.008093038617384e-5 -1.0080890238443925e-5
4 0.32506709244976084 1.0080960087448953e-5 -1.0080931745549329e-5
4 0.3250670783432059 1.0080981081554707e-5 -1.0080961048072036e-5
4 0.32506706837639526 1.0080995905991265e-5 -1.008098175271892e-5
4 0.3250670613344692 1.0081006387723218e-5 -1.0080996382608267e-5
4 0.3250670563590706 1.0081013792392056e-5 -1.008100673232266e-5
4 0.3250670528437728 1.0081019028151058e-5 -1.0081014028670909e-5
4 0.3250670503600893 1.008102272226991e-5 -1.0081019193147416e-5
4 0.32506704860526786 1.0081025330379547e-5 -1.0081022846040036e-5
4 0.32506704736541414 1.0081027169556468e-5 -1.0081025410236983e-5
4 0.3250670464894289 1.0081028478718262e-5 -1.0081027244454933e-5
4 0.3250670458705091 1.0081029405079014e-5 -1.0081028527441594e-5
4 0.3250670454332114 1.0081030047225539e-5 -1.0081029436279324e-5
4 0.3250670451242587 1.0081030514846762e-5 -1.008103007599628e-5
4 0.325067044905949 1.0081030845245804e-5 -1.0081030527528536e-5
4 0.32506704475170917 1.0081031070840849e-5 -1.0081030848830318e-5
4 0.32506704464274405 1.0081031220053319e-5 -1.0081031073319677e-5
4 0.32506704456575486 1.0081031344397044e-5 -1.0081031239077645e-5
4 0.32506704451135926 1.0081031435212371e-5 -1.0081031350101067e-5
4 0.3250670444729092 1.0081031478510634e-5 -1.0081031427373369e-5
4 0.32506704444574 1.0081031520254597e-5 -1.0081031489768532e-5
4 0.3250670444265623 1.0081031550674402e-5 -1.0081031518745644e-5
4 0.3250670444130143 1.0081031573100682e-5 -1.0081031557492819e-5
4 0.3250670444034437 1.0081031581094206e-5 -1.008103157603373e-5
4 0.3250670443966703 1.0081031603520486e-5 -1.0081031585914814e-5
4 0.32506704439189454 1.008103160485274e-5 -1.0081031594574642e-5
4 0.32506704438851347 1.0081031607961332e-5 -1.0081031605788007e-5
4 0.32506704438613004 1.0081031612624221e-5 -1.0081031611783272e-5
4 0.32506704438443873 1.008103161995162e-5 -1.0081031606787217e-5
4 0.32506704438324036 1.0081031607961332e-5 -1.0081031613226577e-5
4 0.3250670443824065 1.0081031614400561e-5 -1.0081031617223419e-5
4 0.3250670443818094 1.0081031612180137e-5 -1.0081031618111607e-5
4 0.3250670443813792 1.0081031625280637e-5 -1.0081031621886403e-5
4 0.3250670443810803 1.0081031629055358e-5 -1.008103162310766e-5
4 0.3250670443808764 1.0081031621283875e-5 -1.00810316185557e-5
4 0.32506704438073314 1.0081031619285493e-5 -1.008103162632734e-5
4 0.32506704438062983 1.008103161706507e-5 -1.0081031626771433e-5
4 0.3250670443805573 1.0081031620173663e-5 -1.0081031625439152e-5
4 0.32506704438050626 1.0081031619507536e-5 -1.0081031630657253e-5
4 0.3250670443804761 1.008103161706507e-5 -1.00810316185557e-5
4 0.3250670443804426 1.0081031621061832e-5 -1.0081031617223419e-5
4 0.3250670443804173 1.0081031616620985e-5 -1.0081031622330497e-5
4 0.3250670443804067 1.008103161817528e-5 -1.0081031619887981e-5
4 0.32506704438038836 1.0081031615288731e-5 -1.00810316185557e-5
4 0.32506704438038164 1.0081031631497823e-5 -1.0081031617556489e-5
4 0.32506704438038453 1.0081031621283875e-5 -1.0081031621997427e-5
4 0.3250670443803903 1.0081031609737672e-5 -1.0081031625217106e-5
4 0.3250670443803773 1.008103163860318e-5 -1.0081031615447045e-5
4 0.3250670443803824 1.0081031612180137e-5 -1.0081031624217895e-5
4 0.3250670443803813 1.0081031623282256e-5 -1.0081031622108451e-5
4 0.32506704438038053 1.0081031621727959e-5 -1.00810316256612e-5
4 0.3250670443803786 1.008103162550268e-5 -1.0081031618000583e-5
4 0.3250670443803852 1.0081031623504299e-5 -1.0081031618111607e-5
4 0.32506704438038647 1.0081031613956477e-5 -1.0081031622108451e-5
4 0.3250670443803826 1.0081031626612891e-5 -1.008103161922184e-5
4 0.3250670443803757 1.008103162550268e-5 -1.008103161888877e-5
4 0.3250670443803874 1.0081031618397324e-5 -1.0081031615780115e-5
4 0.32506704438038675 1.0081031621283875e-5 -1.0081031620221052e-5
4 0.325067044380381 1.0081031615288731e-5 -1.0081031620332076e-5
4 0.325067044380381 1.008103162639085e-5 -1.0081031618111607e-5
4 0.32506704438036926 1.008103162639085e-5 -1.008103162599427e-5
4 0.3250670443803784 1.0081031623504299e-5 -1.0081031616779326e-5
4 0.325067044380378 1.0081031614400561e-5 -1.0081031623884825e-5
4 0.3250670443803881 1.0081031612180137e-5 -1.0081031619999005e-5
4 0.32506704438037926 1.0081031615954858e-5 -1.0081031623218684e-5
4 0.3250670443803876 1.0081031616398942e-5 -1.008103161400374e-5
4 0.32506704438038597 1.0081031611291967e-5 -1.0081031620998216e-5
4 0.3250670443803908 1.008103161884141e-5 -1.0081031613448623e-5
8 0.32494875994028843 1.0428840366673359e-6 -5.140341276965621e-9
8 0.3247819892238125 6.563399508251834e-7 -1.7410326443326595e-8
8 0.3245961754870737 4.5270508064728e-7 -3.617365128473314e-8
8 0.3244750475944784 2.102263977302485e-7 -5.3759876441179804e-8
8 0.32445836443411 1.2602237703112653e-7 -5.6634147643226973e-8
8 0.32447571225623895 1.0046287052768673e-7 -6.18251814426371e-8
8 0.3244889370277693 9.125669825304933e-8 -6.808863693740994e-8
8 0.3244951303775711 8.874745166855292e-8 -7.400029574243883e-8
8 0.3244968235800718 8.903129747904665e-8 -7.920339653598524e-8
8 0.3244962024254679 9.03827174447628e-8 -8.361281405967774e-8
8 0.3244945604195572 9.203572013970772e-8 -8.725473957667623e-8
8 0.32449258202576253 9.365511283139946e-8 -9.021218179709616e-8
8 0.324490606625575 9.51058508907184e-8 -9.258703643838219e-8
8 0.3244887894181915 9.634698396812617e-8 -9.44800854442507e-8
8 0.32448718985911446 9.738063636493165e-8 -9.598189271037473e-8
8 0.3244858189292909 9.822720931603039e-8 -9.716964472191896e-8
8 0.3244846642404358 9.89129338366615e-8 -9.810728266971493e-8
8 0.324483703324521 9.946435446885634e-8 -9.884665463956659e-8
8 0.3244829105863687 9.990549066353088e-8 -9.942936069190223e-8
8 0.3244822608298652 1.0025719618190127e-7 -9.988855764038989e-8
8 0.32448173092342997 1.0053693349821614e-7 -1.0025043476045701e-7
8 0.32448130045971507 1.0075904069736512e-7 -1.0053567806253916e-7
8 0.3244809518824614 1.0093520576212099e-7 -1.0076061459903818e-7
8 0.3244806703434937 1.0107483716555698e-7 -1.0093804446552311e-7
8 0.32448044343657684 1.0118545511360713e-7 -1.0107807735385274e-7
8 0.32448026088850274 1.0127305592022977e-7 -1.0118864714059272e-7
8 0.32448011425054296 1.0134244218770423e-7 -1.0127598539717927e-7
8 0.3244799966114898 1.0139738578735566e-7 -1.0134501973797817e-7
8 0.3244799023418649 1.0144089542327801e-7 -1.0139957299431398e-7
8 0.3244798268723512 1.0147537206354219e-7 -1.014427369155769e-7
8 0.32447976650447957 1.0150268932033529e-7 -1.0147690325547013e-7
8 0.324479718251952 1.0152428826299758e-7 -1.0150391998040481e-7
8 0.32447967970824304 1.0154144764627934e-7 -1.0152532064159997e-7
8 0.3244796489374452 1.0155502678271459e-7 -1.0154227297175112e-7
8 0.3244796243843995 1.0156580127402971e-7 -1.0155569712379427e-7
8 0.3244796048014715 1.0157434643773771e-7 -1.0156632873158014e-7
8 0.32447958918877484 1.0158110924958297e-7 -1.0157475610234913e-7
8 0.324479576745807 1.015864989377308e-7 -1.015814607398759e-7
8 0.32447956683221024 1.0159075020330481e-7 -1.015867643868256e-7
8 0.32447955893599695 1.0159412994389303e-7 -1.0159096569322218e-7
8 0.3244795526482246 1.0159681379676009e-7 -1.015943057995311e-7
8 0.32447954764239456 1.0159893676501209e-7 -1.0159694402277255e-7
8 0.32447954365793946 1.016006163102331e-7 -1.0159903923587749e-7
8 0.32447954048709693 1.0160197167036386e-7 -1.0160070989965468e-7
8 0.3244795379640508 1.0160301505785639e-7 -1.0160204516502207e-7
8 0.32447953595680173 1.0160386038158144e-7 -1.0160308877477126e-7
8 0.3244795343601457 1.0160453872778058e-7 -1.0160391067295989e-7
8 0.32447953309018973 1.016050747434024e-7 -1.0160456792505725e-7
8 0.32447953208020297 1.0160550306740177e-7 -1.0160509272753431e-7
8 0.32447953127707035 1.0160583013907161e-7 -1.0160551394619266e-7
8 0.32447953063846846 1.01606102143685e-7 -1.0160584967766941e-7
8 0.32447953013072117 1.016062948783825e-7 -1.0160610203138854e-7
8 0.3244795297270621 1.0160647939743043e-7 -1.0160632396499372e-7
8 0.32447952940618596 1.0160662350436439e-7 -1.0160648727881724e-7
8 0.3244795291510851 1.0160672187011438e-7 -1.0160662094968298e-7
8 0.32447952894830145 1.016067971432278e-7 -1.0160671931545295e-7
8 0.3244795287871408 1.0160685731730962e-7 -1.016067988074296e-7
8 0.3244795286590585 1.0160691971183727e-7 -1.0160687796633929e-7
8 0.32447952855723916 1.0160696656324414e-7 -1.0160691038485491e-7
8 0.32447952847631506 1.0160699387472777e-7 -1.0160697155814978e-7
8 0.3244795284120319 1.0160703029003928e-7 -1.0160698954376461e-7
8 0.32447952836091387 1.0160703828364424e-7 -1.0160702540397195e-7
8 0.3244795283203354 1.0160706714943995e-7 -1.0160703783847109e-7
8 0.3244795282880768 1.0160706914784119e-7 -1.016070597098669e-7
8 0.3244795282624116 1.016070753650895e-7 -1.0160706437280407e-7
8 0.3244795282420241 1.0160708269256071e-7 -1.0160709867869902e-7
8 0.3244795282258096 1.0160708846571986e-7 -1.0160709523700729e-7
8 0.3244795282129148 1.016070966813694e-7 -1.0160708302455279e-7
8 0.3244795282026761 1.0160709024207651e-7 -1.0160710534003784e-7
8 0.3244795281945334 1.0160711155835643e-7 -1.0160712199338491e-7
8 0.3244795281880875 1.0160711377880225e-7 -1.0160711799658161e-7
8 0.32447952818298487 1.016071106701781e-7 -1.0160712943187993e-7
8 0.324479528178914 1.0160713664939423e-7 -1.0160711666431385e-7
8 0.3244795281757022 1.0160710822768768e-7 -1.0160711899578244e-7
8 0.3244795281731442 1.0160712621329886e-7 -1.0160711733044773e-7
8 0.3244795281711013 1.0160713420690383e-7 -1.0160712987596918e-7
8 0.32447952816948666 1.0160711844173848e-7 -1.0160711244546593e-7
8 0.32447952816818376 1.0160711511106975e-7 -1.0160713154130389e-7
8 0.32447952816714426 1.0160712998805676e-7 -1.0160712388076424e-7
8 0.32447952816633363 1.0160712399285303e-7 -1.016071267673444e-7
8 0.3244795281657062 1.0160712377080845e-7 -1.0160712399178655e-7
8 0.3244795281651776 1.0160712776761093e-7 -1.0160712254849647e-7
8 0.3244795281647386 1.016071231046747e-7 -1.0160712254849647e-7
8 0.3244795281644073 1.0160712465898678e-7 -1.0160711488795682e-7
8 0.32447952816414694 1.0160713975801838e-7 -1.0160712932085761e-7
8 0.3244795281639445 1.016071244369422e-7 -1.0160713820264271e-7
8 0.324479528163775 1.0160712865578927e-7 -1.0160711266751055e-7
8 0.32447952816368253 1.0160712510307595e-7 -1.0160710522901553e-7
8 0.3244795281635739 1.0160711133631185e-7 -1.0160712088316176e-7
8 0.32447952816347675 1.0160712932192301e-7 -1.016071276555229e-7
8 0.32447952816341386 1.0160712021809513e-7 -1.0160712465792043e-7
8 0.32447952816338815 1.0160713220850258e-7 -1.016071316523262e-7
8 0.3244795281633567 1.0160712798965552e-7 -1.0160714553011543e-7
8 0.3244795281633233 1.016071206621843e-7 -1.0160712610121051e-7
8 0.3244795281632808 1.0160713287463633e-7 -1.0160712476894275e-7
8 0.3244795281631925 1.0160712621329886e-7 -1.0160714086717825e-7
8 0.32447952816318604 1.0160713642734965e-7 -1.0160713254050471e-7
8 0.3244795281631819 1.0160712554716511e-7 -1.0160713476095099e-7
8 0.3244795281631766 1.0160713220850258e-7 -1.0160712121622871e-7
8 0.32447952816318637 1.0160712621329886e-7 -1.0160712610121051e-7
16 0.32428184076062755 6.389822244788676e-8 -5.149647375323674e-11
16 0.3241486754553015 5.963549032188934e-8 -1.8030699157583095e-10
16 0.32402953166382165 5.005167355217799e-8 -3.556390738090455e-10
16 0.323927819308083 4.144274815155017e-8 -4.935349907749767e-10
16 0.32384227235262814 3.390350209723767e-8 -5.72389358297122e-10
16 0.3237707136859324 2.730681310423718e-8 -6.631802886825876e-10
16 0.32371090374628314 2.2031941139691178e-8 -7.605148735883921e-10
16 0.32366072327427015 1.7936809432301892e-8 -8.668940014038816e-10
16 0.32361841109679723 1.4803117066932265e-8 -9.820707585310234e-10
16 0.3235825444343753 1.242127704083585e-8 -1.1065091071753617e-9
16 0.3235519863915302 1.0622199285920544e-8 -1.241283854251827e-9
16 0.3235258282907019 9.27477046415095e-9 -1.3874805758395826e-9
16 0.32350334132866093 8.280387008420437e-9 -1.5460236436353698e-9
16 0.3234839373849097 7.565427811132934e-9 -1.7192403071532783e-9
16 0.3234671383550932 7.076592398121753e-9 -1.9085252285671282e-9
16 0.32345255243309273 6.775090243635479e-9 -2.1161694641245064e-9
16 0.32345100568680163 8.439759522273012e-9 -2.42068398952242e-9
16 0.3234540466075081 8.62516587762502e-9 -2.3402037002311587e-9
16 0.3234544343417198 9.593418013933119e-9 -2.5189454998048843e-9
16 0.32345324798918995 1.148083843620441e-8 -2.929783531186696e-9
16 0.3234515680402795 1.4807176708384006e-8 -3.4958650480020134e-9
16 0.323449984499075 2.0966183680338067e-8 -4.314405841902063e-9
16 0.3234489506970492 3.372114242049387e-8 -5.552363029219829e-9
16 0.3234489895833507 6.564056393936352e-8 -7.553134257701724e-9
16 0.32345113103493667 1.7757680459258693e-7 -1.1114459636678023e-8
16 0.32341831630266227 1.149528264007558e-6 -1.7906631449190215e-8
16 0.325972347254969 0.0002645510797439859 -3.158094879959145e-8
16 0.3309482337086304 1.8773795815054295e-5 -7.263465948260242e-8
16 0.32900695393362883 6.771037118020254e-6 -1.8938296110799423e-8
16 0.3276885551999089 3.459684939695386e-6 -1.7935487145318072e-8
16 0.3268026720554505 1.9913450030236523e-6 -2.5143537568346678e-8
16 0.3284132338618676 1.1334756882212468e-5 -3.340360211215323e-10
16 0.3282763917352392 3.1061095877139166e-6 -2.3536728122053596e-14
16 0.38933847368928237 0.0053546602258105775 -6.086153803338344e-11
16 0.3648895582227382 0.0013873705902782254 1.574296248918348e-13
16 0.3465672695715573 0.00027471639673976977 -5.3845816694321544e-14
16 0.3377584925926206 7.841982748163112e-5 9.32587340685127e-15
16 0.37664611594815406 0.004170586390719215 -1.5532020114507147e-13
16 0.36463182614297057 0.0019763279782652747 -5.2402526762308764e-14
16 0.3465280992166772 0.00042098694698472716 -9.703349235224339e-14
16 0.33776322723145064 0.00011498895633490159 0.0
16 0.33302879565643473 3.768559204299462e-5 -8.881784197001256e-16
16 0.33023101903697566 1.4576439039342217e-5 -7.638334409421369e-14
16 0.3284555874952773 6.545921179152961e-6 -2.0783375020985091e-13
16 0.3272633487382047 3.324034590551086e-6 -1.1430856261547145e-12
16 0.32642563297646243 1.854104474169413e-6 -3.104627666066607e-12
16 0.32581498737660575 1.1091766457906534e-6 -8.04001309976278e-12
16 0.3253561859467921 6.997794497893869e-7 -1.7333912083622803e-11
16 0.325002636272764 4.604154985394632e-7 -3.287592420574055e-11
16 0.3247242866285322 3.1352315935769263e-7 -5.662725843951682e-11
16 0.32450108301627717 2.1975441538836648e-7 -9.067191442524723e-11
16 0.3243192618492955 1.578541419555283e-7 -1.3699774648984477e-10
16 0.324169173136777 1.1573744048405189e-7 -1.9761048355169843e-10
16 0.32404399136501855 8.620621800086651e-8 -2.741016303196412e-10
16 0.323939036935367 6.472297621564028e-8 -3.6525449338418495e-10
16 0.32384944378322295 5.1801845914456455e-8 -4.613089911130067e-10
16 0.3237736757699372 4.063211617885111e-8 -5.189635389438645e-10
16 0.32371033042666614 3.151557320967098e-8 -5.853317832141817e-10
16 0.3236576526512152 2.4545519315595224e-8 -6.614730987364909e-10
16 0.32361386407180376 1.936647423660159e-8 -7.482138245108708e-10
16 0.3235773350981283 1.556564776059872e-8 -8.457103909643817e-10
16 0.32354666745671 1.2784678123256085e-8 -9.544487427185116e-10
16 0.3235207238402005 1.0749343135565012e-8 -1.0750090823302205e-9
16 0.323498610396761 9.260965063012288e-9 -1.2081391450117724e-9
16 0.3234796349487796 8.179617616419667e-9 -1.3545461428358312e-9
16 0.3234632610577148 7.407572749959832e-9 -1.5156000910226914e-9
16 0.32344906851578326 6.876620360589025e-9 -1.6922265825166256e-9
16 0.3234367229623604 6.539716968777588e-9 -1.8866539459628126e-9
16 0.32342595377542366 6.3644511680367575e-9 -2.100916109957019e-9
16 0.32341653835780965 6.329816428735778e-9 -2.3375144069923193e-9
16 0.3234200479747528 8.518829383371754e-9 -2.665695556736378e-9
16 0.32342773667558017 9.022723416558968e-9 -2.5716313556171765e-9
16 0.3234320217102662 1.0407044505304002e-8 -2.775633282625241e-9
16 0.3234341419769413 1.295324394904947e-8 -3.2491787091465642e-9
16 0.32343534012515684 1.7454219694898947e-8 -3.912027598409796e-9
16 0.32343634101349705 2.6035440797407404e-8 -4.887913863393785e-9
16 0.3234377506535895 4.4811981343013663e-8 -6.396025840542487e-9
16 0.323440344995066 9.651096278282797e-8 -8.907258748060115e-9
16 0.3234458353421979 3.1533528945565023e-7 -1.361615529604409e-8
16 0.3234150676169689 3.963643996376707e-6 -2.084501437647822e-8
16 0.3290012102444441 0.0002485175949044234 -5.5851450469874686e-8
16 0.33074898071150083 1.1186832355341074e-5 -3.996419980715056e-9
16 0.32884988031650575 6.090087089175618e-6 -3.5848301058600584e-9
16 0.3275756756429471 4.0295391214994005e-6 -7.92008861633119e-9
16 0.32883270925390984 9.181701135509476e-6 -2.9870084188330603e-10
16 0.32853226998876295 3.4853361055192396e-6 -7.904787935331428e-14
16 0.38417519292360136 0.005236464143182179 -3.9675707164908913e-11
16 0.36467132735923385 0.0013655141578483416 1.8651746813702456e-14
16 0.3464666695151847 0.0002714502331745282 -2.331468351712856e-14
16 0.33770744406591524 7.769885219955998e-5 -3.019806626980471e-14
16 0.36289006439076527 0.0008122373668248283 -1.9817480989561008e-13
16 0.3469279099956877 0.0005497659519385588 -1.1812772982012362e-13
16 0.33798713163353294 0.00014696543647574163 -4.374278717023213e-14
16 0.33316332194767523 4.587068011477204e-5 -1.2656542480726865e-14
16 0.33031654931045007 1.674373672628235e-5 -1.7097434579228872e-13
16 0.32851271215383854 7.154450166245922e-6 -2.6245672302142144e-13
16 0.32730312728813593 3.512157248465791e-6 -1.4288570326935973e-12
16 0.32645435507812565 1.9212445159666773e-6 -4.564459921151823e-12
16 0.32583637651076824 1.1376697283153015e-6 -7.703393478693783e-12
16 0.3253725375717631 7.139922031532154e-7 -1.6514678513738035e-11
32 0.32473611692027926 3.1572170978491634e-7 -4.0190073491431475e-14
32 0.3245128386159135 2.2009677567535477e-7 1.0613732115415934e-13
32 0.3243315273671419 1.5741160046633366e-7 -3.2418512319055095e-14
32 0.32418211481839865 1.1513177858894102e-7 -5.728750807065972e-14
32 0.3240574461527892 8.58577350106289e-8 -7.016609515631235e-14
32 0.32395229873237635 6.513715332577914e-8 -9.614531393254318e-14
32 0.3238627471706655 5.019579736894029e-8 -1.4854784069485698e-13
32 0.3237857894481111 3.924404435462809e-8 -4.263256414560692e-14
32 0.32371909624895856 3.109972853067571e-8 -4.662936703425766e-14
32 0.3236608342766899 2.4966480126930386e-8 -3.742561816012103e-13
32 0.32360953880022447 2.0298668983937392e-8 -2.7677860003908985e-13
32 0.32356401897322795 1.671825264240523e-8 -5.178080186853071e-13
32 0.3235232834242372 1.3961800729112556e-8 -7.869260798546205e-13
32 0.3234864746836389 1.1850085065166405e-8 -9.934275624350834e-13
32 0.3234527959764669 1.0274288922373415e-8 -1.2245759961622975e-12
32 0.3234213905165608 9.210019149328799e-9 -1.5598633495995615e-12
32 0.32339102598129393 8.831708214609815e-9 -2.0252688415232615e-12
32 0.32335871889533074 1.036149027871984e-8 -2.9771740628392517e-12
32 0.3233152171931342 1.7864708219704327e-8 -4.1506797998722246e-12
32 0.32324526120438996 4.638983467455148e-8 -5.037525951946873e-12
32 0.3230936125180198 2.9063449953215556e-7 -7.459477480181786e-12
32 0.32208746053305864 8.93445752816896e-5 -1.2138512417510359e-11
32 0.32611131749880096 0.0003064868990117875 -6.674305552901292e-11
32 0.3298324818617952 3.7904026691352296e-5 -4.901923311826613e-11
32 0.3284456572570225 1.0064370510084e-5 -5.631051180900379e-13
32 0.3271314539425921 3.304600645892783e-6 -1.3899992268307927e-13
32 0.3263024202341876 1.7379624691403136e-6 -1.3766765505352888e-13
32 0.3257116536570665 1.0359430310063428e-6 -3.2873703759156287e-13
32 0.332429556123989 0.000563219672158474 -1.2633227797217635e-12
32 0.33744885785416384 6.060517644547012e-5 6.30606677987069e-14
32 0.3331783301213128 2.7156395342806966e-5 -4.545253062816424e-13
32 0.3678081866088741 0.0028641485508287354 -3.560929329189067e-12
32 0.36455707938746057 0.0013544139859890463 -7.405187574250068e-14
32 0.3464142386463032 0.0002698351228541319 -4.32986979603812e-15
32 0.3376805771044777 7.73419349746876e-5 3.641531520770447e-14
32 0.3329747802989249 2.8198247071676625e-5 -1.321165399303945e-14
32 0.3379948177796761 0.0008427528362395522 -1.2989609388115175e-13
32 0.3493515327784787 0.0017661802022837401 3.0198066269803804e-14
32 0.36482994304317096 0.0015774437445460474 7.638334409420785e-14
32 0.34656560008705556 0.00032119917365100654 2.229327833447066e-13
32 0.33776548730450795 8.9969938359086e-5 5.950795411990662e-14
32 0.3330248386215846 3.140603587649572e-5 1.9984014443252798e-15
32 0.3302270196613325 1.2996433724310284e-5 8.792966355030854e-14
32 0.32845254705066707 6.145784162659743e-6 -5.551115123125937e-14
32 0.3272612673537341 3.2207485422114203e-6 1.580957587066098e-13
32 0.32754520439865037 0.004892291702036713 3.7525538232329584e-14
32 0.3616091006649573 0.001647525635758211 -7.527312106958844e-14
32 0.34515714155034966 0.0003669107597690126 -3.8524738954493677e-14
32 0.33707861146862006 0.00010293950577150708 1.321165399303849e-13
32 0.3326527552647934 3.4350327942429236e-5 -1.0624834345663312e-13
32 0.3371974417301375 0.00463322676169051 -1.1501910535117283e-13
32 0.3650308840653231 0.001403482717782103 1.4277468096678493e-13
32 0.34663251615540847 0.00027725513195491576 1.6209256159527153e-14
32 0.33779168874740023 7.898973861531551e-5 3.241851231905405e-14
32 0.34496941132855236 0.0004556214677397706 -3.7525538232331e-14
32 0.34419158885644807 0.00021241945360227045 -6.483702463811125e-14
32 0.33659660481763115 6.499823614647403e-5 9.103828801926243e-15
32 0.33239907656565504 2.4725991688855696e-5 -1.8240964294592986e-13
32 0.3298673032341684 1.0970741850466919e-5 -1.7175150190952646e-13
32 0.3282332351823243 5.450810352836831e-6 -3.619327060278076e-14
32 0.32712097892571923 2.951083939059936e-6 -1.1124434706744687e-13
32 0.326331113032414 1.708574732024472e-6 -1.2034817586937421e-13
32 0.32575058853617633 1.0438676383958695e-6 -1.9773072068575992e-13
32 0.32876615601040765 0.001989921712720358 -2.957634137601854e-13
32 0.34843126737903235 0.000374425078085797 -1.1879386363489246e-14
32 0.33856199260728465 9.381559439668465e-5 -6.883382752676208e-14
32 0.33344834893898073 3.2473647656082063e-5 -8.215650382226192e-15
32 0.3304822511339294 1.3610368330124207e-5 1.7097434579227266e-14
32 0.32861924890855165 6.504115773238291e-6 5.639932965095636e-14
32 0.3273764705789061 3.4220204891719923e-6 3.819167204710465e-14
32 0.3461309756995794 0.0007798810074407114 -2.7866597918091817e-14
32 0.3525421641242632 8.551977237737237e-5 1.6453505224943467e-13
32 0.37875466755465775 0.0018246638277531245 -1.1768364061026729e-14
32 0.3649541722388253 0.001396478890726415 -2.375877272698117e-13
32 0.346597204382168 0.0002763091674659656 1.4122036873230994e-13
32 0.33777370880302293 7.878723978673486e-5 1.3966605649783495e-13
32 0.33302701595251344 2.8615344132307164e-5 -1.4432899320127045e-15
32 0.33022759163951537 1.2299362301767214e-5 -5.3290705182007656e-15
32 0.35510641358068235 0.0035160330296089715 2.242650509742791e-14
32 0.35976464589941093 0.0009551288487339161 -8.437694987151226e-15
32 0.3441093755134625 0.00020511586227430569 6.661338147750917e-15
32 0.33645481351655404 6.189007098613501e-5 5.1958437552455976e-14
32 0.33226185394150487 2.3370406125582083e-5 1.8007817459418418e-13
32 0.3297501876418827 1.033308692643036e-5 -1.3322676295501888e-15
32 0.32813701767843295 5.127268888258576e-6 -8.415490526659041e-14
32 0.32704260424626636 2.77574593163676e-6 3.0619951019157127e-13
32 0.32626709105502455 1.6080944733409795e-6 -1.687538997430252e-14
32 0.32569791619076827 9.83415798409826e-7 -2.2204460492503377e-14
32 0.32526793485230404 6.287834230420428e-7 1.0214051826551388e-14
32 0.32493519951963534 4.17172676428462e-7 -7.704947790898883e-14
32 0.3246724427282444 2.85606648180018e-7 6.683542608243219e-14
32 0.3244613049581551 2.0089402610799709e-7 -5.0293103015520853e-14
32 0.3242890620419301 1.4467833683656266e-7 -6.294964549624836e-14
32 0.32414667160300425 1.0638264103319382e-7 -9.847678228425623e-14
32 0.32402756452159837 7.968628439354023e-8 -1.9095836023554515e-13
32 0.3239268747731094 6.069464235752398e-8 -3.043121310498017e-13
32 0.32384093425612576 4.693815004205454e-8 -2.6956215037902436e-13
32 0.3237669337336414 3.6816645276385905e-8 -5.544453784979569e-13
32 0.3291984070112787 0.00044864518230442867 -1.033284569019167e-12
32 0.33201577200305865 3.86062670400234e-5 1.6875389974302237e-14
